ms_today;input_voltage;temp_mos_max;temp_mos_1;temp_mos_2;temp_mos_3;temp_motor;current_motor;current_in;d_axis_current;q_axis_current;erpm;duty_cycle;amp_hours_used;amp_hours_charged;watt_hours_used;watt_hours_charged;tachometer;tachometer_abs;encoder_position;fault_code;vesc_id;d_axis_voltage;q_axis_voltage;ms_today_setup;amp_hours_setup;amp_hours_charged_setup;watt_hours_setup;watt_hours_charged_setup;battery_level;battery_wh_tot;current_in_setup;current_motor_setup;speed_meters_per_sec;tacho_meters;tacho_abs_meters;num_vescs;ms_today_imu;roll;pitch;yaw;accX;accY;accZ;gyroX;gyroY;gyroZ;gnss_posTime;gnss_lat;gnss_lon;gnss_alt;gnss_gVel;gnss_vVel;gnss_hAcc;gnss_vAcc;
46733642;12.1;27.3;0;0;0;-58.3;-0.35;0;0;0;0;0.001;0;0;0;0.0001;2;2;0;0;76;0;0;46700543;0;0;0;0;0;0;0;0;0;0;0;1;-1;0;0;0;0;0;0;0;0;0;46732000;37.34958719;-121.93069758;-5.04046631;0.00000000;0.00000000;3.79009247;3.27511168;
46736004;12.2;27.5;0;0;0;-61.9;-0.35;0;0;0;0;0.001;0;0;0;0.0001;2;2;0;0;76;0;0;46733671;0;0;0;0.0001;0.843;56.165;0;-0.41;0;0.004;0.004;1;46733677;0;0;0;0;0;0;0;0;0;46735000;37.34959278;-121.93069931;-4.53649902;0.00000000;0.00000000;3.79009247;3.24388790;
46736106;12.3;27.4;0;0;0;-63.1;-0.32;0;0;0;0;0;0;0;0;0.0001;2;2;0;0;76;0;0;46736022;0;0;0;0.0001;0.843;56.165;0;0.31;0;0.004;0.004;1;46736052;0;0;0;0;0;0;0;0;0;46735000;37.34959278;-121.93069931;-4.53649902;0.00000000;0.00000000;3.79009247;3.24388790;
46736256;12.1;27.3;0;0;0;-60.1;-0.29;0;0;0;0;0;0;0;0;0.0001;2;2;0;0;76;0;0;46736154;0;0;0;0.0001;0.91;60.609;0;1.06;0;0.004;0.004;1;46736154;0;0;0;0;0;0;0;0;0;46735000;37.34959278;-121.93069931;-4.53649902;0.00000000;0.00000000;3.79009247;3.24388790;
46736394;12.2;27.4;0;0;0;-59.9;-0.29;0;0;0;0;0;0;0;0;0.0001;2;2;0;0;76;0;0;46736257;0;0;0;0.0001;0.854;56.901;0;-1.65;0;0.004;0.004;1;46736308;0;0;0;0;0;0;0;0;0;46735000;37.34959278;-121.93069931;-4.53649902;0.00000000;0.00000000;3.79009247;3.24388790;
46736491;12.3;27.3;0;0;0;-59.6;-0.3;0;0;0;0;0.001;0;0;0;0.0001;2;2;0;0;76;0;0;46736395;0;0;0;0.0001;0.837;55.798;0;0;0;0.004;0.004;1;46736442;0;0;0;0;0;0;0;0;0;46735000;37.34959278;-121.93069931;-4.53649902;0.00000000;0.00000000;3.79009247;3.24388790;
46736688;12.1;27.4;0;0;0;-63.1;-0.14;0;0;0;0;0.001;0;0;0;0.0001;2;2;0;0;76;0;0;46736537;0;0;0;0.0001;0.921;61.356;0;1.59;0;0.004;0.004;1;46736546;0;0;0;0;0;0;0;0;0;46735000;37.34959278;-121.93069931;-4.53649902;0.00000000;0.00000000;3.79009247;3.24388790;
46736790;12.3;27.4;0;0;0;-60.6;-0.32;0;0;0;0;0;0;0;0;0.0001;2;2;0;0;76;0;0;46736739;0;0;0;0.0001;0.898;59.864;0;0.72;0;0.004;0.004;1;46736739;0;0;0;0;0;0;0;0;0;46736000;37.34959308;-121.93070122;-4.00817871;0.00000000;0.00000000;3.79009247;3.30249190;
46736940;12.3;27.4;0;0;0;-61.7;-0.34;0;0;0;0;0.001;0;0;0;0.0001;2;2;0;0;76;0;0;46736893;0;0;0;0.0001;0.91;60.609;0;2.14;0;0.004;0.004;1;46736893;0;0;0;0;0;0;0;0;0;46736000;37.34959308;-121.93070122;-4.00817871;0.00000000;0.00000000;3.79009247;3.30249190;
46737042;12.2;27.5;0;0;0;-61.7;-0.32;0;0;0;0;0.001;0;0;0;0.0001;2;2;0;0;76;0;0;46736995;0;0;0;0.0001;0.854;56.901;0;1.7;0;0.004;0.004;1;46737024;0;0;0;0;0;0;0;0;0;46736000;37.34959308;-121.93070122;-4.00817871;0.00000000;0.00000000;3.79009247;3.30249190;
46737126;12.4;27.3;0;0;0;-58.3;-0.38;0;0;0;0;0.001;0;0;0;0.0001;2;2;0;0;76;0;0;46736995;0;0;0;0.0001;0.854;56.901;0;1.7;0;0.004;0.004;1;46737024;0;0;0;0;0;0;0;0;0;46736000;37.34959308;-121.93070122;-4.00817871;0.00000000;0.00000000;3.79009247;3.30249190;
46737226;12.2;27.4;0;0;0;-61.2;-0.25;0;0;0;0;0.001;0;0;0;0.0001;2;2;0;0;76;0;0;46737127;0;0;0;0.0001;0.832;55.431;0;0.42;0;0.004;0.004;1;46737174;0;0;0;0;0;0;0;0;0;46736000;37.34959308;-121.93070122;-4.00817871;0.00000000;0.00000000;3.79009247;3.30249190;
46737378;12.3;27.5;0;0;0;-62;-0.34;0;0;0;0;0;0;0;0;0.0001;2;2;0;0;76;0;0;46737278;0;0;0;0.0001;0.882;58.749;0;1.65;0;0.004;0.004;1;46737278;0;0;0;0;0;0;0;0;0;46736000;37.34959308;-121.93070122;-4.00817871;0.00000000;0.00000000;3.79009247;3.30249190;
46737467;12.3;27.3;0;0;0;-59;-0.41;0;0;0;0;0.001;0;0;0;0.0001;2;2;0;0;76;0;0;46737425;0;0;0;0.0001;0.887;59.121;0;-0.05;0;0.004;0.004;1;46737425;0;0;0;0;0;0;0;0;0;46736000;37.34959308;-121.93070122;-4.00817871;0.00000000;0.00000000;3.79009247;3.30249190;
46737577;12.3;27.4;0;0;0;-60.3;-0.25;0;0;0;0;0.001;0;0;0;0.0001;2;2;0;0;76;0;0;46737528;0;0;0;0.0001;0.876;58.379;0;0.84;0;0.004;0.004;1;46737562;0;0;0;0;0;0;0;0;0;46736000;37.34959308;-121.93070122;-4.00817871;0.00000000;0.00000000;3.79009247;3.30249190;
46737760;12.3;27.4;0;0;0;-61.8;-0.38;0;0;0;0;0.001;0;0;0;0.0001;2;2;0;0;76;0;0;46737713;0;0;0;0.0001;0.854;56.901;0;0.36;0;0.004;0.004;1;46737562;0;0;0;0;0;0;0;0;0;46737000;37.34959408;-121.93069721;-3.90173340;0.00000000;0.00000000;3.79009247;3.35251188;
46737912;12.2;27.3;0;0;0;-57.2;-0.26;0;0;0;0;0;0;0;0;0.0001;2;2;0;0;76;0;0;46737858;0;0;0;0.0001;0.898;59.864;0;1.66;0;0.004;0.004;1;46737858;0;0;0;0;0;0;0;0;0;46737000;37.34959408;-121.93069721;-3.90173340;0.00000000;0.00000000;3.79009247;3.35251188;
46738031;12.3;27.3;0;0;0;-58.4;-0.34;0;0;0;0;0;0;0;0;0.0001;2;2;0;0;76;0;0;46738012;0;0;0;0.0001;0.865;57.639;0;-0.69;0;0.004;0.004;1;46738030;0;0;0;0;0;0;0;0;0;46737000;37.34959408;-121.93069721;-3.90173340;0.00000000;0.00000000;3.79009247;3.35251188;
46738096;12.1;27.3;0;0;0;-58.5;-0.38;0;0;0;0;0;0;0;0;0.0001;2;2;0;0;76;0;0;46738012;0;0;0;0.0001;0.865;57.639;0;-0.69;0;0.004;0.004;1;46738030;0;0;0;0;0;0;0;0;0;46737000;37.34959408;-121.93069721;-3.90173340;0.00000000;0.00000000;3.79009247;3.35251188;
46738148;12.2;27.4;0;0;0;-61.6;-0.35;0;0;0;0;0;0;0;0;0.0001;2;2;0;0;76;0;0;46738131;0;0;0;0.0001;0.876;58.379;0;0.66;0;0.004;0.004;1;46738131;0;0;0;0;0;0;0;0;0;46737000;37.34959408;-121.93069721;-3.90173340;0.00000000;0.00000000;3.79009247;3.35251188;
46738249;12.2;27.3;0;0;0;-57.8;-0.25;0;0;0;0;0.001;0;0;0;0.0001;2;2;0;0;76;0;0;46738212;0;0;0;0.0001;0.876;58.379;0;-0.21;0;0.004;0.004;1;46738212;0;0;0;0;0;0;0;0;0;46737000;37.34959408;-121.93069721;-3.90173340;0.00000000;0.00000000;3.79009247;3.35251188;
46738337;12.3;27.4;0;0;0;-59.1;-0.34;0;0;0;0;0;0;0;0;0.0001;2;2;0;0;76;0;0;46738212;0;0;0;0.0001;0.876;58.379;0;-0.21;0;0.004;0.004;1;46738212;0;0;0;0;0;0;0;0;0;46737000;37.34959408;-121.93069721;-3.90173340;0.00000000;0.00000000;3.79009247;3.35251188;
46738431;12.2;27.3;0;0;0;-58.3;-0.27;0;0;0;0;0.001;0;0;0;0.0001;2;2;0;0;76;0;0;46738363;0;0;0;0.0001;0.848;56.533;0;-0.23;0;0.004;0.004;1;46738363;0;0;0;0;0;0;0;0;0;46737000;37.34959408;-121.93069721;-3.90173340;0.00000000;0.00000000;3.79009247;3.35251188;
46738480;12.4;27.4;0;0;0;-59.8;-0.32;0;0;0;0;0.001;0;0;0;0.0001;2;2;0;0;76;0;0;46738432;0;0;0;0.0001;0.871;58.009;0;-1.67;0;0.004;0.004;1;46738449;0;0;0;0;0;0;0;0;0;46737000;37.34959408;-121.93069721;-3.90173340;0.00000000;0.00000000;3.79009247;3.35251188;
46738548;12.2;27.3;0;0;0;-58.2;-0.34;0;0;0;0;0;0;0;0;0.0001;2;2;0;0;76;0;0;46738482;0;0;0;0.0001;0.832;55.431;0;-0.87;0;0.004;0.004;1;46738449;0;0;0;0;0;0;0;0;0;46737000;37.34959408;-121.93069721;-3.90173340;0.00000000;0.00000000;3.79009247;3.35251188;
46738633;12.2;27.3;0;0;0;-58.4;-0.33;0;0;0;0;0.001;0;0;0;0.0001;2;2;0;0;76;0;0;46738573;0;0;0;0.0001;0.848;56.533;0;0.19;0;0.004;0.004;1;46738564;0;0;0;0;0;0;0;0;0;46737000;37.34959408;-121.93069721;-3.90173340;0.00000000;0.00000000;3.79009247;3.35251188;
46738717;12.3;27.3;0;0;0;-58.2;-0.35;0;0;0;0;0.001;0;0;0;0.0001;2;2;0;0;76;0;0;46738633;0;0;0;0.0001;0.871;58.009;0;-1.24;0;0.004;0.004;1;46738665;0;0;0;0;0;0;0;0;0;46737000;37.34959408;-121.93069721;-3.90173340;0.00000000;0.00000000;3.79009247;3.35251188;
46738850;12.3;27.4;0;0;0;-59.6;-0.34;0;0;0;0;0;0;0;0;0.0001;2;2;0;0;76;0;0;46738732;0;0;0;0.0001;0.865;57.639;0;-1.03;0;0.004;0.004;1;46738765;0;0;0;0;0;0;0;0;0;46738000;37.34959441;-121.93070063;-3.78732300;0.00000000;0.00000000;3.94690156;3.43824315;
46738931;12.2;27.4;0;0;0;-59.4;-0.29;0;0;0;0;0.001;0;0;0;0.0001;2;2;0;0;76;0;0;46738851;0;0;0;0.0001;0.815;54.333;0;1.27;0;0.004;0.004;1;46738885;0;0;0;0;0;0;0;0;0;46738000;37.34959441;-121.93070063;-3.78732300;0.00000000;0.00000000;3.94690156;3.43824315;
46739010;12.3;27.5;0;0;0;-99.9;-0.38;0;0;0;0;0.001;0;0;0;0.0001;2;2;0;0;76;0;0;46738964;0;0;0;0.0001;0.865;57.639;0;-0.06;0;0.004;0.004;1;46738964;0;0;0;0;0;0;0;0;0;46738000;37.34959441;-121.93070063;-3.78732300;0.00000000;0.00000000;3.94690156;3.43824315;
46739081;12.2;27.5;0;0;0;-82.7;-0.29;0;0;0;0;0.001;0;0;0;0.0001;2;2;0;0;76;0;0;46738964;0;0;0;0.0001;0.865;57.639;0;-0.06;0;0.004;0.004;1;46738964;0;0;0;0;0;0;0;0;0;46738000;37.34959441;-121.93070063;-3.78732300;0.00000000;0.00000000;3.94690156;3.43824315;
46739152;12.2;27.4;0;0;0;-72.4;-0.16;0;0;0;0;0.001;0;0;0;0.0001;2;2;0;0;76;0;0;46739081;0;0;0;0.0001;0.821;54.698;0;1.45;0;0.004;0.004;1;46739114;0;0;0;0;0;0;0;0;0;46738000;37.34959441;-121.93070063;-3.78732300;0.00000000;0.00000000;3.94690156;3.43824315;
46739218;12.3;27.5;0;0;0;-63.2;-0.28;0;0;0;0;0.001;0;0;0;0.0001;2;2;0;0;76;0;0;46739153;0;0;0;0.0001;0.932;62.105;0;0.46;0;0.004;0.004;1;46739114;0;0;0;0;0;0;0;0;0;46738000;37.34959441;-121.93070063;-3.78732300;0.00000000;0.00000000;3.94690156;3.43824315;
46739258;12.3;27.4;0;0;0;-67.6;-0.19;0;0;0;0;0;0;0;0;0.0001;2;2;0;0;76;0;0;46739219;0;0;0;0.0001;0.854;56.901;0;0.92;0;0.004;0.004;1;46739232;0;0;0;0;0;0;0;0;0;46738000;37.34959441;-121.93070063;-3.78732300;0.00000000;0.00000000;3.94690156;3.43824315;
46739328;12.3;27.4;0;0;0;-75.3;-0.35;0;0;0;0;0;0;0;0;0.0001;2;2;0;0;76;0;0;46739277;0;0;0;0.0001;0.91;60.609;0;0.63;0;0.004;0.004;1;46739232;0;0;0;0;0;0;0;0;0;46738000;37.34959441;-121.93070063;-3.78732300;0.00000000;0.00000000;3.94690156;3.43824315;
46739386;12.2;27.4;0;0;0;-63;-0.28;0;0;0;0;0;0;0;0;0.0001;2;2;0;0;76;0;0;46739353;0;0;0;0.0001;0.876;58.379;0;0.33;0;0.004;0.004;1;46739353;0;0;0;0;0;0;0;0;0;46738000;37.34959441;-121.93070063;-3.78732300;0.00000000;0.00000000;3.94690156;3.43824315;
46739454;12.1;27.5;0;0;0;-62.7;-0.18;0;0;0;0;0.001;0;0;0;0.0001;2;2;0;0;76;0;0;46739353;0;0;0;0.0001;0.876;58.379;0;0.33;0;0.004;0.004;1;46739353;0;0;0;0;0;0;0;0;0;46738000;37.34959441;-121.93070063;-3.78732300;0.00000000;0.00000000;3.94690156;3.43824315;
46739538;12.2;27.4;0;0;0;-73.8;-0.27;0;0;0;0;0.001;0;0;0;0.0001;2;2;0;0;76;0;0;46739455;0;0;0;0.0001;0.915;60.982;0;2;0;0.004;0.004;1;46739469;0;0;0;0;0;0;0;0;0;46738000;37.34959441;-121.93070063;-3.78732300;0.00000000;0.00000000;3.94690156;3.43824315;
46739657;12.3;27.3;0;0;0;-58.4;-0.36;0;0;0;0;0.001;0;0;0;0.0001;2;2;0;0;76;0;0;46739538;0;0;0;0.0001;0.865;57.639;0;-0.28;0;0.004;0.004;1;46739562;0;0;0;0;0;0;0;0;0;46738000;37.34959441;-121.93070063;-3.78732300;0.00000000;0.00000000;3.94690156;3.43824315;
46739768;12.2;27.4;0;0;0;-60.7;-0.3;0;0;0;0;0.001;0;0;0;0.0001;2;2;0;0;76;0;0;46739685;0;0;0;0.0001;0.898;59.864;0;-0.27;0;0.004;0.004;1;46739685;0;0;0;0;0;0;0;0;0;46739000;37.34959769;-121.93070043;-3.84130859;0.00000000;0.00000000;4.22574091;3.63641763;
46739858;12.2;27.3;0;0;0;-57.8;-0.33;0;0;0;0;0;0;0;0;0.0001;2;2;0;0;76;0;0;46739784;0;0;0;0.0001;0.904;60.236;0;-0.92;0;0.004;0.004;1;46739808;0;0;0;0;0;0;0;0;0;46739000;37.34959769;-121.93070043;-3.84130859;0.00000000;0.00000000;4.22574091;3.63641763;
46739963;12.2;27.4;0;0;0;-60.6;-0.2;0;0;0;0;0;0;0;0;0.0001;2;2;0;0;76;0;0;46739869;0;0;0;0.0001;0.887;59.121;0;1.16;0;0.004;0.004;1;46739904;0;0;0;0;0;0;0;0;0;46739000;37.34959769;-121.93070043;-3.84130859;0.00000000;0.00000000;4.22574091;3.63641763;
46740041;12.3;27.5;0;0;0;-61.5;-0.34;0;0;0;0;0.001;0;0;0;0.0001;2;2;0;0;76;0;0;46739978;0;0;0;0.0001;0.887;59.121;0;1.04;0;0.004;0.004;1;46740019;0;0;0;0;0;0;0;0;0;46739000;37.34959769;-121.93070043;-3.84130859;0.00000000;0.00000000;4.22574091;3.63641763;
46740109;12.3;27.4;0;0;0;-59.2;-0.34;0;0;0;0;0.001;0;0;0;0.0001;2;2;0;0;76;0;0;46740043;0;0;0;0.0001;0.871;58.009;0;-0.52;0;0.004;0.004;1;46740019;0;0;0;0;0;0;0;0;0;46739000;37.34959769;-121.93070043;-3.84130859;0.00000000;0.00000000;4.22574091;3.63641763;
46740158;12.2;27.4;0;0;0;-58.8;-0.43;0;0;0;0;0;0;0;0;0.0001;2;2;0;0;76;0;0;46740043;0;0;0;0.0001;0.871;58.009;0;-0.52;0;0.004;0.004;1;46740109;0;0;0;0;0;0;0;0;0;46739000;37.34959769;-121.93070043;-3.84130859;0.00000000;0.00000000;4.22574091;3.63641763;
46740220;12.1;27.3;0;0;0;-57.9;-0.39;0;0;0;0;0;0;0;0;0.0001;2;2;0;0;76;0;0;46740160;0;0;0;0.0001;0.876;58.379;0;0.59;0;0.004;0.004;1;46740190;0;0;0;0;0;0;0;0;0;46739000;37.34959769;-121.93070043;-3.84130859;0.00000000;0.00000000;4.22574091;3.63641763;
46740289;12.3;27.3;0;0;0;-59.2;-0.39;0;0;0;0;0.001;0;0;0;0.0001;2;2;0;0;76;0;0;46740257;0;0;0;0.0001;0.926;61.73;0;-0.27;0;0.004;0.004;1;46740288;0;0;0;0;0;0;0;0;0;46739000;37.34959769;-121.93070043;-3.84130859;0.00000000;0.00000000;4.22574091;3.63641763;
46740337;12.1;27.3;0;0;0;-58.7;-0.39;0;0;0;0;0.001;0;0;0;0.0001;2;2;0;0;76;0;0;46740257;0;0;0;0.0001;0.926;61.73;0;-0.27;0;0.004;0.004;1;46740288;0;0;0;0;0;0;0;0;0;46739000;37.34959769;-121.93070043;-3.84130859;0.00000000;0.00000000;4.22574091;3.63641763;
46740440;12.1;27.4;0;0;0;-59.4;-0.24;0;0;0;0;0.001;0;0;0;0.0001;2;2;0;0;76;0;0;46740357;0;0;0;0.0001;0.926;61.73;0;-0.77;0;0.004;0.004;1;46740372;0;0;0;0;0;0;0;0;0;46739000;37.34959769;-121.93070043;-3.84130859;0.00000000;0.00000000;4.22574091;3.63641763;
46740492;12.2;27.3;0;0;0;-58.8;-0.4;0;0;0;0;0;0;0;0;0.0001;2;2;0;0;76;0;0;46740456;0;0;0;0.0001;0.843;56.165;0;0.1;0;0.004;0.004;1;46740473;0;0;0;0;0;0;0;0;0;46739000;37.34959769;-121.93070043;-3.84130859;0.00000000;0.00000000;4.22574091;3.63641763;
46740556;12.3;27.5;0;0;0;-62.1;-0.16;0;0;0;0;0;0;0;0;0.0001;2;2;0;0;76;0;0;46740456;0;0;0;0.0001;0.843;56.165;0;0.1;0;0.004;0.004;1;46740473;0;0;0;0;0;0;0;0;0;46739000;37.34959769;-121.93070043;-3.84130859;0.00000000;0.00000000;4.22574091;3.63641763;
46740646;12.1;27.3;0;0;0;-59.2;-0.35;0;0;0;0;0;0;0;0;0.0001;2;2;0;0;76;0;0;46740557;0;0;0;0.0001;0.898;59.864;0;1.14;0;0.004;0.004;1;46740591;0;0;0;0;0;0;0;0;0;46739000;37.34959769;-121.93070043;-3.84130859;0.00000000;0.00000000;4.22574091;3.63641763;
46740707;12.4;27.4;0;0;0;-61.4;-0.38;0;0;0;0;0.001;0;0;0;0.0001;2;2;0;0;76;0;0;46740671;0;0;0;0.0001;0.898;59.864;0;1.51;0;0.004;0.004;1;46740671;0;0;0;0;0;0;0;0;0;46739000;37.34959769;-121.93070043;-3.84130859;0.00000000;0.00000000;4.22574091;3.63641763;
46740794;12.2;27.5;0;0;0;-84.4;-0.39;0;0;0;0;0.001;0;0;0;0.0001;2;2;0;0;76;0;0;46740742;0;0;0;0.0001;0.843;56.165;0;-0.76;0;0.004;0.004;1;46740743;0;0;0;0;0;0;0;0;0;46740000;37.34959402;-121.93069677;-3.99951172;0.00000000;0.00000000;4.30410910;3.60394025;
46740860;12.2;27.4;0;0;0;-66.7;-0.35;0;0;0;0;0.001;0;0;0;0.0001;2;2;0;0;76;0;0;46740794;0;0;0;0.0001;0.904;60.236;0;1.29;0;0.004;0.004;1;46740823;0;0;0;0;0;0;0;0;0;46740000;37.34959402;-121.93069677;-3.99951172;0.00000000;0.00000000;4.30410910;3.60394025;
46740940;12.3;27.4;0;0;0;-76.9;-0.31;0;0;0;0;0;0;0;0;0.0001;2;2;0;0;76;0;0;46740875;0;0;0;0.0001;0.887;59.121;0;0.61;0;0.004;0.004;1;46740891;0;0;0;0;0;0;0;0;0;46740000;37.34959402;-121.93069677;-3.99951172;0.00000000;0.00000000;4.30410910;3.60394025;
46740998;12.2;27.5;0;0;0;-64.9;-0.32;0;0;0;0;0.001;0;0;0;0.0001;2;2;0;0;76;0;0;46740941;0;0;0;0.0001;0.921;61.356;0;0.3;0;0.004;0.004;1;46740974;0;0;0;0;0;0;0;0;0;46740000;37.34959402;-121.93069677;-3.99951172;0.00000000;0.00000000;4.30410910;3.60394025;
46741092;12.2;27.8;0;0;0;-94.4;-0.37;0;0;0;0;0.001;0;0;0;0.0001;2;2;0;0;76;0;0;46741016;0;0;0;0.0001;0.893;59.492;0;0.9;0;0.004;0.004;1;46741062;0;0;0;0;0;0;0;0;0;46740000;37.34959402;-121.93069677;-3.99951172;0.00000000;0.00000000;4.30410910;3.60394025;
46741179;12.3;27.4;0;0;0;-68.9;-0.33;0;0;0;0;0;0;0;0;0.0001;2;2;0;0;76;0;0;46741122;0;0;0;0.0001;0.848;56.533;0;-0.61;0;0.004;0.004;1;46741122;0;0;0;0;0;0;0;0;0;46740000;37.34959402;-121.93069677;-3.99951172;0.00000000;0.00000000;4.30410910;3.60394025;
46741280;12.2;27.6;0;0;0;-84;-0.21;0;0;0;0;0.001;0;0;0;0.0001;2;2;0;0;76;0;0;46741181;0;0;0;0.0001;0.893;59.492;0;-0.4;0;0.004;0.004;1;46741211;0;0;0;0;0;0;0;0;0;46740000;37.34959402;-121.93069677;-3.99951172;0.00000000;0.00000000;4.30410910;3.60394025;
46741340;12.1;27.4;0;0;0;-64.5;-0.35;0;0;0;0;0.001;0;0;0;0.0001;2;2;0;0;76;0;0;46741304;0;0;0;0.0001;0.848;56.533;0;-1.61;0;0.004;0.004;1;46741304;0;0;0;0;0;0;0;0;0;46740000;37.34959402;-121.93069677;-3.99951172;0.00000000;0.00000000;4.30410910;3.60394025;
46741425;12.2;27.5;0;0;0;-88.5;-0.25;0;0;0;0;0.001;0;0;0;0.0001;2;2;0;0;76;0;0;46741398;0;0;0;0.0001;0.893;59.492;0;1.27;0;0.004;0.004;1;46741398;0;0;0;0;0;0;0;0;0;46740000;37.34959402;-121.93069677;-3.99951172;0.00000000;0.00000000;4.30410910;3.60394025;
46741497;12.3;27.6;0;0;0;-88.7;-0.31;0;0;0;0;0;0;0;0;0.0001;2;2;0;0;76;0;0;46741398;0;0;0;0.0001;0.893;59.492;0;1.27;0;0.004;0.004;1;46741398;0;0;0;0;0;0;0;0;0;46740000;37.34959402;-121.93069677;-3.99951172;0.00000000;0.00000000;4.30410910;3.60394025;
46741576;12.2;27.5;0;0;0;-66.8;-0.3;0;0;0;0;0.001;0;0;0;0.0001;2;2;0;0;76;0;0;46741498;0;0;0;0.0001;0.843;56.165;0;1.3;0;0.004;0.004;1;46741513;0;0;0;0;0;0;0;0;0;46740000;37.34959402;-121.93069677;-3.99951172;0.00000000;0.00000000;4.30410910;3.60394025;
46741628;12.2;27.6;0;0;0;-90;-0.16;0;0;0;0;0;0;0;0;0.0001;2;2;0;0;76;0;0;46741577;0;0;0;0.0001;0.865;57.639;0;0.49;0;0.004;0.004;1;46741610;0;0;0;0;0;0;0;0;0;46740000;37.34959402;-121.93069677;-3.99951172;0.00000000;0.00000000;4.30410910;3.60394025;
46741694;12.3;27.4;0;0;0;-69;-0.24;0;0;0;0;0.001;0;0;0;0.0001;2;2;0;0;76;0;0;46741660;0;0;0;0.0001;0.837;55.798;0;-1.76;0;0.004;0.004;1;46741610;0;0;0;0;0;0;0;0;0;46740000;37.34959402;-121.93069677;-3.99951172;0.00000000;0.00000000;4.30410910;3.60394025;
46741777;12.2;27.4;0;0;0;-59.2;-0.38;0;0;0;0;0;0;0;0;0.0001;2;2;0;0;76;0;0;46741660;0;0;0;0.0001;0.837;55.798;0;-1.76;0;0.004;0.004;1;46741694;0;0;0;0;0;0;0;0;0;46741000;37.34959552;-121.93069588;-4.79254150;0.00000000;0.00000000;4.26167059;3.45602846;
46741842;12.3;27.3;0;0;0;-57.9;-0.33;0;0;0;0;0.001;0;0;0;0.0001;2;2;0;0;76;0;0;46741794;0;0;0;0.0001;0.915;60.982;0;0.92;0;0.004;0.004;1;46741808;0;0;0;0;0;0;0;0;0;46741000;37.34959552;-121.93069588;-4.79254150;0.00000000;0.00000000;4.26167059;3.45602846;
46741908;12.3;27.3;0;0;0;-58.4;-0.4;0;0;0;0;0;0;0;0;0.0001;2;2;0;0;76;0;0;46741842;0;0;0;0.0001;0.837;55.798;0;0.57;0;0.004;0.004;1;46741808;0;0;0;0;0;0;0;0;0;46741000;37.34959552;-121.93069588;-4.79254150;0.00000000;0.00000000;4.26167059;3.45602846;
46741980;12.2;27.4;0;0;0;-60.3;-0.3;0;0;0;0;0.001;0;0;0;0.0001;2;2;0;0;76;0;0;46741908;0;0;0;0.0001;0.904;60.236;0;0.99;0;0.004;0.004;1;46741946;0;0;0;0;0;0;0;0;0;46741000;37.34959552;-121.93069588;-4.79254150;0.00000000;0.00000000;4.26167059;3.45602846;
46742028;12.4;27.4;0;0;0;-62.5;-0.27;0;0;0;0;0;0;0;0;0.0001;2;2;0;0;76;0;0;46742015;0;0;0;0.0001;0.893;59.492;0;-0.3;0;0.004;0.004;1;46741946;0;0;0;0;0;0;0;0;0;46741000;37.34959552;-121.93069588;-4.79254150;0.00000000;0.00000000;4.26167059;3.45602846;
46742109;12.2;27.5;0;0;0;-63.7;-0.36;0;0;0;0;0;0;0;0;0.0001;2;2;0;0;76;0;0;46742015;0;0;0;0.0001;0.893;59.492;0;-0.3;0;0.004;0.004;1;46742081;0;0;0;0;0;0;0;0;0;46741000;37.34959552;-121.93069588;-4.79254150;0.00000000;0.00000000;4.26167059;3.45602846;
46742212;12.3;27.4;0;0;0;-58.5;-0.32;0;0;0;0;0.001;0;0;0;0.0001;2;2;0;0;76;0;0;46742143;0;0;0;0.0001;0.882;58.749;0;-1.59;0;0.004;0.004;1;46742143;0;0;0;0;0;0;0;0;0;46741000;37.34959552;-121.93069588;-4.79254150;0.00000000;0.00000000;4.26167059;3.45602846;
46742295;12.2;27.3;0;0;0;-58.3;-0.42;0;0;0;0;0.001;0;0;0;0.0001;2;2;0;0;76;0;0;46742212;0;0;0;0.0001;0.915;60.982;0;-0.4;0;0.004;0.004;1;46742268;0;0;0;0;0;0;0;0;0;46741000;37.34959552;-121.93069588;-4.79254150;0.00000000;0.00000000;4.26167059;3.45602846;
46742380;12.2;27.4;0;0;0;-80.2;-0.2;0;0;0;0;0.001;0;0;0;0.0001;2;2;0;0;76;0;0;46742331;0;0;0;0.0001;0.882;58.749;0;0.9;0;0.004;0.004;1;46742268;0;0;0;0;0;0;0;0;0;46741000;37.34959552;-121.93069588;-4.79254150;0.00000000;0.00000000;4.26167059;3.45602846;
46742446;12.2;27.4;0;0;0;-60;-0.36;0;0;0;0;0.001;0;0;0;0.0001;2;2;0;0;76;0;0;46742415;0;0;0;0.0001;0.955;63.608;0;-0.31;0;0.004;0.004;1;46742414;0;0;0;0;0;0;0;0;0;46741000;37.34959552;-121.93069588;-4.79254150;0.00000000;0.00000000;4.26167059;3.45602846;
46742514;12.1;27.3;0;0;0;-58.6;-0.23;0;0;0;0;0;0;0;0;0.0001;2;2;0;0;76;0;0;46742415;0;0;0;0.0001;0.955;63.608;0;-0.31;0;0.004;0.004;1;46742414;0;0;0;0;0;0;0;0;0;46741000;37.34959552;-121.93069588;-4.79254150;0.00000000;0.00000000;4.26167059;3.45602846;
46742616;12.1;27.3;0;0;0;-57.2;-0.37;0;0;0;0;0.001;0;0;0;0.0001;2;2;0;0;76;0;0;46742514;0;0;0;0.0001;0.915;60.982;0;1.13;0;0.004;0.004;1;46742530;0;0;0;0;0;0;0;0;0;46741000;37.34959552;-121.93069588;-4.79254150;0.00000000;0.00000000;4.26167059;3.45602846;
46742711;12.3;27.3;0;0;0;-58.7;-0.3;0;0;0;0;0.001;0;0;0;0.0001;2;2;0;0;76;0;0;46742630;0;0;0;0.0001;0.876;58.379;0;1.29;0;0.004;0.004;1;46742679;0;0;0;0;0;0;0;0;0;46741000;37.34959552;-121.93069588;-4.79254150;0.00000000;0.00000000;4.26167059;3.45602846;
46742782;12.4;27.4;0;0;0;-59.7;-0.35;0;0;0;0;0;0;0;0;0.0001;2;2;0;0;76;0;0;46742744;0;0;0;0.0001;0.832;55.431;0;-1.64;0;0.004;0.004;1;46742744;0;0;0;0;0;0;0;0;0;46742000;37.34959624;-121.93069430;-4.89859009;0.00000000;0.00000000;4.27021885;3.42739415;
46742838;12.2;27.4;0;0;0;-58.7;-0.17;0;0;0;0;0;0;0;0;0.0001;2;2;0;0;76;0;0;46742744;0;0;0;0.0001;0.832;55.431;0;-1.64;0;0.004;0.004;1;46742744;0;0;0;0;0;0;0;0;0;46742000;37.34959624;-121.93069430;-4.89859009;0.00000000;0.00000000;4.27021885;3.42739415;
46742898;12.1;27.3;0;0;0;-57.5;-0.42;0;0;0;0;0.001;0;0;0;0.0001;2;2;0;0;76;0;0;46742839;0;0;0;0.0001;0.882;58.749;0;-0.09;0;0.004;0.004;1;46742898;0;0;0;0;0;0;0;0;0;46742000;37.34959624;-121.93069430;-4.89859009;0.00000000;0.00000000;4.27021885;3.42739415;
46742981;12.1;27.4;0;0;0;-58.7;-0.37;0;0;0;0;0.001;0;0;0;0.0001;2;2;0;0;76;0;0;46742931;0;0;0;0.0001;0.854;56.901;0;0.98;0;0.004;0.004;1;46742898;0;0;0;0;0;0;0;0;0;46742000;37.34959624;-121.93069430;-4.89859009;0.00000000;0.00000000;4.27021885;3.42739415;
46743048;12.1;27.4;0;0;0;-58.9;-0.15;0;0;0;0;0;0;0;0;0.0001;2;2;0;0;76;0;0;46742981;0;0;0;0.0001;0.898;59.864;0;1.56;0;0.004;0.004;1;46743014;0;0;0;0;0;0;0;0;0;46742000;37.34959624;-121.93069430;-4.89859009;0.00000000;0.00000000;4.27021885;3.42739415;
46743130;12.2;27.4;0;0;0;-58.5;-0.38;0;0;0;0;0;0;0;0;0.0001;2;2;0;0;76;0;0;46743080;0;0;0;0.0001;0.921;61.356;0;0.69;0;0.004;0.004;1;46743080;0;0;0;0;0;0;0;0;0;46742000;37.34959624;-121.93069430;-4.89859009;0.00000000;0.00000000;4.27021885;3.42739415;
46743199;12.1;27.3;0;0;0;-58;-0.24;0;0;0;0;0.001;0;0;0;0.0001;2;2;0;0;76;0;0;46743131;0;0;0;0.0001;0.915;60.982;0;0.62;0;0.004;0.004;1;46743164;0;0;0;0;0;0;0;0;0;46742000;37.34959624;-121.93069430;-4.89859009;0.00000000;0.00000000;4.27021885;3.42739415;
46743282;12.1;27.3;0;0;0;-57.3;-0.23;0;0;0;0;0;0;0;0;0.0001;2;2;0;0;76;0;0;46743214;0;0;0;0.0001;0.859;57.27;0;-0.16;0;0.004;0.004;1;46743231;0;0;0;0;0;0;0;0;0;46742000;37.34959624;-121.93069430;-4.89859009;0.00000000;0.00000000;4.27021885;3.42739415;
46743349;12.1;27.4;0;0;0;-58.7;-0.43;0;0;0;0;0.001;0;0;0;0.0001;2;2;0;0;76;0;0;46743282;0;0;0;0.0001;0.882;58.749;0;0.86;0;0.004;0.004;1;46743315;0;0;0;0;0;0;0;0;0;46742000;37.34959624;-121.93069430;-4.89859009;0.00000000;0.00000000;4.27021885;3.42739415;
46743466;12.2;27.3;0;0;0;-57.5;-0.33;0;0;0;0;0;0;0;0;0.0001;2;2;0;0;76;0;0;46743365;0;0;0;0.0001;0.932;62.105;0;1.78;0;0.004;0.004;1;46743399;0;0;0;0;0;0;0;0;0;46742000;37.34959624;-121.93069430;-4.89859009;0.00000000;0.00000000;4.27021885;3.42739415;
46743518;12.2;27.4;0;0;0;-61.2;-0.29;0;0;0;0;0.001;0;0;0;0.0001;2;2;0;0;76;0;0;46743499;0;0;0;0.0001;0.91;60.609;0;1.14;0;0.004;0.004;1;46743499;0;0;0;0;0;0;0;0;0;46742000;37.34959624;-121.93069430;-4.89859009;0.00000000;0.00000000;4.27021885;3.42739415;
46743587;12.2;27.5;0;0;0;-62.2;-0.19;0;0;0;0;0.001;0;0;0;0.0001;2;2;0;0;76;0;0;46743499;0;0;0;0.0001;0.91;60.609;0;1.14;0;0.004;0.004;1;46743499;0;0;0;0;0;0;0;0;0;46742000;37.34959624;-121.93069430;-4.89859009;0.00000000;0.00000000;4.27021885;3.42739415;
46743649;12.1;27.3;0;0;0;-58.4;-0.29;0;0;0;0;0.001;0;0;0;0.0001;2;2;0;0;76;0;0;46743587;0;0;0;0.0001;0.932;62.105;0;1.41;0;0.004;0.004;1;46743618;0;0;0;0;0;0;0;0;0;46742000;37.34959624;-121.93069430;-4.89859009;0.00000000;0.00000000;4.27021885;3.42739415;
46743737;12.1;27.4;0;0;0;-59.8;-0.27;0;0;0;0;0.001;0;0;0;0.0001;2;2;0;0;76;0;0;46743669;0;0;0;0.0001;0.91;60.609;0;0.74;0;0.004;0.004;1;46743669;0;0;0;0;0;0;0;0;0;46742000;37.34959624;-121.93069430;-4.89859009;0.00000000;0.00000000;4.27021885;3.42739415;
46743802;12.2;27.8;0;0;0;-92;-0.28;0;0;0;0;0.001;0;0;0;0.0001;2;2;0;0;76;0;0;46743770;0;0;0;0.0001;0.915;60.982;0;-0.27;0;0.004;0.004;1;46743770;0;0;0;0;0;0;0;0;0;46743000;37.34960146;-121.93069637;-4.86718750;0.00000000;0.00000000;4.37116861;3.56183290;
46743888;12.3;27.5;0;0;0;-65.6;-0.41;0;0;0;0;0;0;0;0;0.0001;2;2;0;0;76;0;0;46743854;0;0;0;0.0001;0.887;59.121;0;-1.44;0;0.004;0.004;1;46743854;0;0;0;0;0;0;0;0;0;46743000;37.34960146;-121.93069637;-4.86718750;0.00000000;0.00000000;4.37116861;3.56183290;
46743952;12.3;27.6;0;0;0;-69.2;-0.23;0;0;0;0;0;0;0;0;0.0001;2;2;0;0;76;0;0;46743854;0;0;0;0.0001;0.887;59.121;0;-1.44;0;0.004;0.004;1;46743854;0;0;0;0;0;0;0;0;0;46743000;37.34960146;-121.93069637;-4.86718750;0.00000000;0.00000000;4.37116861;3.56183290;
46744036;12.2;27.4;0;0;0;-61.3;-0.24;0;0;0;0;0;0;0;0;0.0001;2;2;0;0;76;0;0;46743953;0;0;0;0.0001;0.893;59.492;0;1.97;0;0.004;0.004;1;46743968;0;0;0;0;0;0;0;0;0;46743000;37.34960146;-121.93069637;-4.86718750;0.00000000;0.00000000;4.37116861;3.56183290;
46744093;12.1;27.5;0;0;0;-63.2;-0.45;0;0;0;0;0;0;0;0;0.0001;2;2;0;0;76;0;0;46744036;0;0;0;0.0001;0.876;58.379;0;1.27;0;0.004;0.004;1;46744072;0;0;0;0;0;0;0;0;0;46743000;37.34960146;-121.93069637;-4.86718750;0.00000000;0.00000000;4.37116861;3.56183290;
46744151;12.4;27.4;0;0;0;-65.3;-0.18;0;0;0;0;0.001;0;0;0;0.0001;2;2;0;0;76;0;0;46744093;0;0;0;0.0001;0.876;58.379;0;-1.11;0;0.004;0.004;1;46744072;0;0;0;0;0;0;0;0;0;46743000;37.34960146;-121.93069637;-4.86718750;0.00000000;0.00000000;4.37116861;3.56183290;
46744216;12.1;27.5;0;0;0;-80.6;-0.41;0;0;0;0;0;0;0;0;0.0001;2;2;0;0;76;0;0;46744151;0;0;0;0.0001;0.865;57.639;0;-0.27;0;0.004;0.004;1;46744215;0;0;0;0;0;0;0;0;0;46743000;37.34960146;-121.93069637;-4.86718750;0.00000000;0.00000000;4.37116861;3.56183290;
46744302;12.2;27.4;0;0;0;-94.2;-0.41;0;0;0;0;0.001;0;0;0;0.0001;2;2;0;0;76;0;0;46744243;0;0;0;0.0001;0.859;57.27;0;0.16;0;0.004;0.004;1;46744215;0;0;0;0;0;0;0;0;0;46743000;37.34960146;-121.93069637;-4.86718750;0.00000000;0.00000000;4.37116861;3.56183290;
46744389;12.1;27.4;0;0;0;-62.6;-0.29;0;0;0;0;0.001;0;0;0;0.0001;2;2;0;0;76;0;0;46744369;0;0;0;0.0001;0.848;56.533;0;-0.68;0;0.004;0.004;1;46744336;0;0;0;0;0;0;0;0;0;46743000;37.34960146;-121.93069637;-4.86718750;0.00000000;0.00000000;4.37116861;3.56183290;
46744477;12.3;27.6;0;0;0;-102.7;-0.23;0;0;0;0;0.001;0;0;0;0.0001;2;2;0;0;76;0;0;46744420;0;0;0;0.0001;0.859;57.27;0;-0.07;0;0.004;0.004;1;46744421;0;0;0;0;0;0;0;0;0;46743000;37.34960146;-121.93069637;-4.86718750;0.00000000;0.00000000;4.37116861;3.56183290;
46744573;12.3;27.6;0;0;0;-98.6;-0.26;0;0;0;0;0.001;0;0;0;0.0001;2;2;0;0;76;0;0;46744495;0;0;0;0.0001;0.921;61.356;0;0.08;0;0.004;0.004;1;46744537;0;0;0;0;0;0;0;0;0;46743000;37.34960146;-121.93069637;-4.86718750;0.00000000;0.00000000;4.37116861;3.56183290;
46744630;12.4;27.6;0;0;0;-90.9;-0.33;0;0;0;0;0.001;0;0;0;0.0001;2;2;0;0;76;0;0;46744574;0;0;0;0.0001;0.837;55.798;0;-0.65;0;0.004;0.004;1;46744537;0;0;0;0;0;0;0;0;0;46743000;37.34960146;-121.93069637;-4.86718750;0.00000000;0.00000000;4.37116861;3.56183290;
46744694;12.3;27.4;0;0;0;-60.4;-0.36;0;0;0;0;0;0;0;0;0.0001;2;2;0;0;76;0;0;46744632;0;0;0;0.0001;0.854;56.901;0;-1.58;0;0.004;0.004;1;46744667;0;0;0;0;0;0;0;0;0;46743000;37.34960146;-121.93069637;-4.86718750;0.00000000;0.00000000;4.37116861;3.56183290;
46744753;12.2;27.5;0;0;0;-64.6;-0.15;0;0;0;0;0.001;0;0;0;0.0001;2;2;0;0;76;0;0;46744727;0;0;0;0.0001;0.949;63.232;0;0.81;0;0.004;0.004;1;46744727;0;0;0;0;0;0;0;0;0;46744000;37.34959843;-121.93069670;-4.95834351;0.00000000;0.00000000;4.09313774;3.63451028;
46744843;12.3;27.5;0;0;0;-85.5;-0.27;0;0;0;0;0.001;0;0;0;0.0001;2;2;0;0;76;0;0;46744788;0;0;0;0.0001;0.859;57.27;0;-0.16;0;0.004;0.004;1;46744788;0;0;0;0;0;0;0;0;0;46744000;37.34959843;-121.93069670;-4.95834351;0.00000000;0.00000000;4.09313774;3.63451028;
46744906;12.2;27.5;0;0;0;-85.2;-0.15;0;0;0;0;0.001;0;0;0;0.0001;2;2;0;0;76;0;0;46744844;0;0;0;0.0001;0.882;58.749;0;2.28;0;0.004;0.004;1;46744873;0;0;0;0;0;0;0;0;0;46744000;37.34959843;-121.93069670;-4.95834351;0.00000000;0.00000000;4.09313774;3.63451028;
46744993;12.1;27.3;0;0;0;-58;-0.26;0;0;0;0;0.001;0;0;0;0.0001;2;2;0;0;76;0;0;46744941;0;0;0;0.0001;0.932;62.105;0;-0.98;0;0.004;0.004;1;46744941;0;0;0;0;0;0;0;0;0;46744000;37.34959843;-121.93069670;-4.95834351;0.00000000;0.00000000;4.09313774;3.63451028;
46745058;12.1;27.3;0;0;0;-59.9;-0.11;0;0;0;0;0.001;0;0;0;0.0001;2;2;0;0;76;0;0;46744994;0;0;0;0.0001;0.843;56.165;0;0.07;0;0.004;0.004;1;46745022;0;0;0;0;0;0;0;0;0;46744000;37.34959843;-121.93069670;-4.95834351;0.00000000;0.00000000;4.09313774;3.63451028;
46745140;12.3;27.4;0;0;0;-59.4;-0.38;0;0;0;0;0;0;0;0;0.0001;2;2;0;0;76;0;0;46745076;0;0;0;0.0001;0.859;57.27;0;1.82;0;0.004;0.004;1;46745086;0;0;0;0;0;0;0;0;0;46744000;37.34959843;-121.93069670;-4.95834351;0.00000000;0.00000000;4.09313774;3.63451028;
46745240;12.3;27.4;0;0;0;-60.3;-0.27;0;0;0;0;0.001;0;0;0;0.0001;2;2;0;0;76;0;0;46745170;0;0;0;0.0001;0.865;57.639;0;0.69;0;0.004;0.004;1;46745170;0;0;0;0;0;0;0;0;0;46744000;37.34959843;-121.93069670;-4.95834351;0.00000000;0.00000000;4.09313774;3.63451028;
46745323;12.2;27.3;0;0;0;-58.1;-0.29;0;0;0;0;0.001;0;0;0;0.0001;2;2;0;0;76;0;0;46745241;0;0;0;0.0001;0.871;58.009;0;0.8;0;0.004;0.004;1;46745273;0;0;0;0;0;0;0;0;0;46744000;37.34959843;-121.93069670;-4.95834351;0.00000000;0.00000000;4.09313774;3.63451028;
46745390;12.2;27.4;0;0;0;-59;-0.19;0;0;0;0;0;0;0;0;0.0001;2;2;0;0;76;0;0;46745324;0;0;0;0.0001;0.943;62.856;0;-0.04;0;0.004;0.004;1;46745356;0;0;0;0;0;0;0;0;0;46744000;37.34959843;-121.93069670;-4.95834351;0.00000000;0.00000000;4.09313774;3.63451028;
46745456;12.3;27.5;0;0;0;-61.6;-0.26;0;0;0;0;0.001;0;0;0;0.0001;2;2;0;0;76;0;0;46745390;0;0;0;0.0001;0.938;62.48;0;-0.3;0;0.004;0.004;1;46745356;0;0;0;0;0;0;0;0;0;46744000;37.34959843;-121.93069670;-4.95834351;0.00000000;0.00000000;4.09313774;3.63451028;
46745495;12.3;27.4;0;0;0;-60.8;-0.39;0;0;0;0;0.001;0;0;0;0.0001;2;2;0;0;76;0;0;46745457;0;0;0;0.0001;0.904;60.236;0;-1.24;0;0.004;0.004;1;46745472;0;0;0;0;0;0;0;0;0;46744000;37.34959843;-121.93069670;-4.95834351;0.00000000;0.00000000;4.09313774;3.63451028;
46745624;12.3;27.4;0;0;0;-60.2;-0.23;0;0;0;0;0.001;0;0;0;0.0001;2;2;0;0;76;0;0;46745522;0;0;0;0.0001;0.898;59.864;0;1.56;0;0.004;0.004;1;46745472;0;0;0;0;0;0;0;0;0;46744000;37.34959843;-121.93069670;-4.95834351;0.00000000;0.00000000;4.09313774;3.63451028;
46745679;12.4;27.4;0;0;0;-60.6;-0.34;0;0;0;0;0.001;0;0;0;0.0001;2;2;0;0;76;0;0;46745625;0;0;0;0.0001;0.865;57.639;0;-1.36;0;0.004;0.004;1;46745658;0;0;0;0;0;0;0;0;0;46744000;37.34959843;-121.93069670;-4.95834351;0.00000000;0.00000000;4.09313774;3.63451028;
46745741;12.1;27.4;0;0;0;-61.6;-0.36;0;0;0;0;0;0;0;0;0.0001;2;2;0;0;76;0;0;46745692;0;0;0;0.0001;0.837;55.798;0;0.08;0;0.004;0.004;1;46745658;0;0;0;0;0;0;0;0;0;46744000;37.34959843;-121.93069670;-4.95834351;0.00000000;0.00000000;4.09313774;3.63451028;
46745808;12.1;27.4;0;0;0;-60.8;-0.11;0;0;0;0;0.001;0;0;0;0.0001;2;2;0;0;76;0;0;46745776;0;0;0;0.0001;0.898;59.864;0;0.28;0;0.004;0.004;1;46745775;0;0;0;0;0;0;0;0;0;46745000;37.34959909;-121.93069113;-5.22927856;0.00000000;0.00000000;4.06147623;3.82054019;
46745858;12.2;27.4;0;0;0;-59.6;-0.36;0;0;0;0;0.001;0;0;0;0.0001;2;2;0;0;76;0;0;46745776;0;0;0;0.0001;0.898;59.864;0;0.28;0;0.004;0.004;1;46745775;0;0;0;0;0;0;0;0;0;46745000;37.34959909;-121.93069113;-5.22927856;0.00000000;0.00000000;4.06147623;3.82054019;
46745925;12.3;27.5;0;0;0;-61;-0.41;0;0;0;0;0;0;0;0;0.0001;2;2;0;0;76;0;0;46745876;0;0;0;0.0001;0.932;62.105;0;-0.06;0;0.004;0.004;1;46745892;0;0;0;0;0;0;0;0;0;46745000;37.34959909;-121.93069113;-5.22927856;0.00000000;0.00000000;4.06147623;3.82054019;
46746010;12.3;27.5;0;0;0;-62.3;-0.31;0;0;0;0;0.001;0;0;0;0.0001;2;2;0;0;76;0;0;46745965;0;0;0;0.0001;0.854;56.901;0;-1;0;0.004;0.004;1;46745965;0;0;0;0;0;0;0;0;0;46745000;37.34959909;-121.93069113;-5.22927856;0.00000000;0.00000000;4.06147623;3.82054019;
46746076;12.1;27.3;0;0;0;-57;-0.35;0;0;0;0;0;0;0;0;0.0001;2;2;0;0;76;0;0;46746011;0;0;0;0.0001;0.843;56.165;0;2.29;0;0.004;0.004;1;46746045;0;0;0;0;0;0;0;0;0;46745000;37.34959909;-121.93069113;-5.22927856;0.00000000;0.00000000;4.06147623;3.82054019;
46746160;12.2;27.3;0;0;0;-61.2;-0.21;0;0;0;0;0.001;0;0;0;0.0001;2;2;0;0;76;0;0;46746109;0;0;0;0.0001;0.938;62.48;0;1.37;0;0.004;0.004;1;46746109;0;0;0;0;0;0;0;0;0;46745000;37.34959909;-121.93069113;-5.22927856;0.00000000;0.00000000;4.06147623;3.82054019;
46746229;12.1;27.3;0;0;0;-60.5;-0.44;0;0;0;0;0.001;0;0;0;0.0001;2;2;0;0;76;0;0;46746161;0;0;0;0.0001;0.865;57.639;0;0.69;0;0.004;0.004;1;46746195;0;0;0;0;0;0;0;0;0;46745000;37.34959909;-121.93069113;-5.22927856;0.00000000;0.00000000;4.06147623;3.82054019;
46746309;12.1;27.3;0;0;0;-57.9;-0.28;0;0;0;0;0;0;0;0;0.0001;2;2;0;0;76;0;0;46746277;0;0;0;0.0001;0.848;56.533;0;-0.57;0;0.004;0.004;1;46746297;0;0;0;0;0;0;0;0;0;46745000;37.34959909;-121.93069113;-5.22927856;0.00000000;0.00000000;4.06147623;3.82054019;
46746397;12.1;27.9;0;0;0;-82.4;-0.31;0;0;0;0;0;0;0;0;0.0001;2;2;0;0;76;0;0;46746347;0;0;0;0.0001;0.882;58.749;0;-0.21;0;0.004;0.004;1;46746347;0;0;0;0;0;0;0;0;0;46745000;37.34959909;-121.93069113;-5.22927856;0.00000000;0.00000000;4.06147623;3.82054019;
46746495;12.2;27.3;0;0;0;-58.1;-0.39;0;0;0;0;0.001;0;0;0;0.0001;2;2;0;0;76;0;0;46746415;0;0;0;0.0001;0.882;58.749;0;2.12;0;0.004;0.004;1;46746430;0;0;0;0;0;0;0;0;0;46745000;37.34959909;-121.93069113;-5.22927856;0.00000000;0.00000000;4.06147623;3.82054019;
46746558;12.1;27.4;0;0;0;-66.6;-0.36;0;0;0;0;0;0;0;0;0.0001;2;2;0;0;76;0;0;46746495;0;0;0;0.0001;0.915;60.982;0;-1.68;0;0.004;0.004;1;46746528;0;0;0;0;0;0;0;0;0;46745000;37.34959909;-121.93069113;-5.22927856;0.00000000;0.00000000;4.06147623;3.82054019;
46746606;12.2;27.4;0;0;0;-58.9;-0.36;0;0;0;0;0.001;0;0;0;0.0001;2;2;0;0;76;0;0;46746558;0;0;0;0.0001;0.921;61.356;0;1.64;0;0.004;0.004;1;46746528;0;0;0;0;0;0;0;0;0;46745000;37.34959909;-121.93069113;-5.22927856;0.00000000;0.00000000;4.06147623;3.82054019;
46746681;12.2;27.5;0;0;0;-63.5;-0.31;0;0;0;0;0.001;0;0;0;0.0001;2;2;0;0;76;0;0;46746618;0;0;0;0.0001;0.859;57.27;0;1.74;0;0.004;0.004;1;46746642;0;0;0;0;0;0;0;0;0;46745000;37.34959909;-121.93069113;-5.22927856;0.00000000;0.00000000;4.06147623;3.82054019;
46746737;12.4;27.3;0;0;0;-57.9;-0.35;0;0;0;0;0.001;0;0;0;0.0001;2;2;0;0;76;0;0;46746681;0;0;0;0.0001;0.871;58.009;0;0;0;0.004;0.004;1;46746642;0;0;0;0;0;0;0;0;0;46745000;37.34959909;-121.93069113;-5.22927856;0.00000000;0.00000000;4.06147623;3.82054019;
46746793;12.1;27.4;0;0;0;-59.1;-0.25;0;0;0;0;0;0;0;0;0.0001;2;2;0;0;76;0;0;46746738;0;0;0;0.0001;0.915;60.982;0;0.68;0;0.004;0.004;1;46746760;0;0;0;0;0;0;0;0;0;46746000;37.34960161;-121.93068602;-5.80468750;0.00000000;0.00000000;4.01482058;3.92366552;
46746880;12.2;27.3;0;0;0;-58.5;-0.34;0;0;0;0;0.001;0;0;0;0.0001;2;2;0;0;76;0;0;46746816;0;0;0;0.0001;0.876;58.379;0;1.03;0;0.004;0.004;1;46746830;0;0;0;0;0;0;0;0;0;46746000;37.34960161;-121.93068602;-5.80468750;0.00000000;0.00000000;4.01482058;3.92366552;
46746982;12.3;27.4;0;0;0;-60.1;-0.37;0;0;0;0;0.001;0;0;0;0.0001;2;2;0;0;76;0;0;46746912;0;0;0;0.0001;0.876;58.379;0;2.03;0;0.004;0.004;1;46746913;0;0;0;0;0;0;0;0;0;46746000;37.34960161;-121.93068602;-5.80468750;0.00000000;0.00000000;4.01482058;3.92366552;
46747062;12.4;27.4;0;0;0;-58.6;-0.34;0;0;0;0;0;0;0;0;0.0001;2;2;0;0;76;0;0;46746983;0;0;0;0.0001;0.865;57.639;0;1.2;0;0.004;0.004;1;46747011;0;0;0;0;0;0;0;0;0;46746000;37.34960161;-121.93068602;-5.80468750;0.00000000;0.00000000;4.01482058;3.92366552;
46747129;12.1;27.3;0;0;0;-57.6;-0.32;0;0;0;0;0.001;0;0;0;0.0001;2;2;0;0;76;0;0;46747062;0;0;0;0.0001;0.887;59.121;0;0.87;0;0.004;0.004;1;46747096;0;0;0;0;0;0;0;0;0;46746000;37.34960161;-121.93068602;-5.80468750;0.00000000;0.00000000;4.01482058;3.92366552;
46747212;12.2;27.4;0;0;0;-59.6;-0.3;0;0;0;0;0.001;0;0;0;0.0001;2;2;0;0;76;0;0;46747145;0;0;0;0.0001;0.837;55.798;0;-0.04;0;0.004;0.004;1;46747164;0;0;0;0;0;0;0;0;0;46746000;37.34960161;-121.93068602;-5.80468750;0.00000000;0.00000000;4.01482058;3.92366552;
46747286;12.2;27.3;0;0;0;-57.8;-0.26;0;0;0;0;0.001;0;0;0;0.0001;2;2;0;0;76;0;0;46747212;0;0;0;0.0001;0.876;58.379;0;-0.58;0;0.004;0.004;1;46747248;0;0;0;0;0;0;0;0;0;46746000;37.34960161;-121.93068602;-5.80468750;0.00000000;0.00000000;4.01482058;3.92366552;
46747363;12.4;27.4;0;0;0;-80.3;-0.43;0;0;0;0;0;0;0;0;0.0001;2;2;0;0;76;0;0;46747287;0;0;0;0.0001;0.932;62.105;0;1.37;0;0.004;0.004;1;46747248;0;0;0;0;0;0;0;0;0;46746000;37.34960161;-121.93068602;-5.80468750;0.00000000;0.00000000;4.01482058;3.92366552;
46747420;12.1;27.4;0;0;0;-58.9;-0.23;0;0;0;0;0;0;0;0;0.0001;2;2;0;0;76;0;0;46747363;0;0;0;0.0001;0.865;57.639;0;-1.17;0;0.004;0.004;1;46747400;0;0;0;0;0;0;0;0;0;46746000;37.34960161;-121.93068602;-5.80468750;0.00000000;0.00000000;4.01482058;3.92366552;
46747480;12.2;27.3;0;0;0;-57.7;-0.37;0;0;0;0;0.001;0;0;0;0.0001;2;2;0;0;76;0;0;46747422;0;0;0;0.0001;0.893;59.492;0;1.1;0;0.004;0.004;1;46747400;0;0;0;0;0;0;0;0;0;46746000;37.34960161;-121.93068602;-5.80468750;0.00000000;0.00000000;4.01482058;3.92366552;
46747567;12.3;27.5;0;0;0;-73;-0.41;0;0;0;0;0;0;0;0;0.0001;2;2;0;0;76;0;0;46747514;0;0;0;0.0001;0.843;56.165;0;-0.36;0;0.004;0.004;1;46747514;0;0;0;0;0;0;0;0;0;46746000;37.34960161;-121.93068602;-5.80468750;0.00000000;0.00000000;4.01482058;3.92366552;
46747668;12.1;27.4;0;0;0;-67.4;-0.36;0;0;0;0;0.001;0;0;0;0.0001;2;2;0;0;76;0;0;46747583;0;0;0;0.0001;0.865;57.639;0;0.8;0;0.004;0.004;1;46747598;0;0;0;0;0;0;0;0;0;46746000;37.34960161;-121.93068602;-5.80468750;0.00000000;0.00000000;4.01482058;3.92366552;
46747722;12.2;27.5;0;0;0;-69.5;-0.38;0;0;0;0;0.001;0;0;0;0.0001;2;2;0;0;76;0;0;46747668;0;0;0;0.0001;0.876;58.379;0;0.45;0;0.004;0.004;1;46747707;0;0;0;0;0;0;0;0;0;46746000;37.34960161;-121.93068602;-5.80468750;0.00000000;0.00000000;4.01482058;3.92366552;
46747782;12.1;27.4;0;0;0;-96.8;-0.36;0;0;0;0;0.001;0;0;0;0.0001;2;2;0;0;76;0;0;46747722;0;0;0;0.0001;0.926;61.73;0;0.4;0;0.004;0.004;1;46747707;0;0;0;0;0;0;0;0;0;46747000;37.34960041;-121.93067855;-6.14813232;0.00000000;0.00000000;3.96267343;3.98337722;
46747883;12.2;27.4;0;0;0;-63.7;-0.35;0;0;0;0;0;0;0;0;0.0001;2;2;0;0;76;0;0;46747782;0;0;0;0.0001;0.893;59.492;0;0.86;0;0.004;0.004;1;46747814;0;0;0;0;0;0;0;0;0;46747000;37.34960041;-121.93067855;-6.14813232;0.00000000;0.00000000;3.96267343;3.98337722;
46747967;12.2;27.4;0;0;0;-65.6;-0.31;0;0;0;0;0;0;0;0;0.0001;2;2;0;0;76;0;0;46747883;0;0;0;0.0001;0.921;61.356;0;1.83;0;0.004;0.004;1;46747900;0;0;0;0;0;0;0;0;0;46747000;37.34960041;-121.93067855;-6.14813232;0.00000000;0.00000000;3.96267343;3.98337722;
46748034;12.2;27.5;0;0;0;-77.9;-0.32;0;0;0;0;0;0;0;0;0.0001;2;2;0;0;76;0;0;46748001;0;0;0;0.0001;0.848;56.533;0;-1.79;0;0.004;0.004;1;46748001;0;0;0;0;0;0;0;0;0;46747000;37.34960041;-121.93067855;-6.14813232;0.00000000;0.00000000;3.96267343;3.98337722;
46748081;12.2;27.4;0;0;0;-60.5;-0.4;0;0;0;0;0.001;0;0;0;0.0001;2;2;0;0;76;0;0;46748001;0;0;0;0.0001;0.848;56.533;0;-1.79;0;0.004;0.004;1;46748001;0;0;0;0;0;0;0;0;0;46747000;37.34960041;-121.93067855;-6.14813232;0.00000000;0.00000000;3.96267343;3.98337722;
46748139;12.2;27.4;0;0;0;-65.8;-0.3;0;0;0;0;0.001;0;0;0;0.0001;2;2;0;0;76;0;0;46748081;0;0;0;0.0001;0.921;61.356;0;1.4;0;0.004;0.004;1;46748117;0;0;0;0;0;0;0;0;0;46747000;37.34960041;-121.93067855;-6.14813232;0.00000000;0.00000000;3.96267343;3.98337722;
46748200;12.1;27.4;0;0;0;-59.4;-0.37;0;0;0;0;0.001;0;0;0;0.0001;2;2;0;0;76;0;0;46748153;0;0;0;0.0001;0.926;61.73;0;1.09;0;0.004;0.004;1;46748117;0;0;0;0;0;0;0;0;0;46747000;37.34960041;-121.93067855;-6.14813232;0.00000000;0.00000000;3.96267343;3.98337722;
46748271;12.2;27.6;0;0;0;-91;-0.33;0;0;0;0;0.001;0;0;0;0.0001;2;2;0;0;76;0;0;46748233;0;0;0;0.0001;0.882;58.749;0;-0.62;0;0.004;0.004;1;46748233;0;0;0;0;0;0;0;0;0;46747000;37.34960041;-121.93067855;-6.14813232;0.00000000;0.00000000;3.96267343;3.98337722;
46748318;12.3;27.4;0;0;0;-80.3;-0.39;0;0;0;0;0.001;0;0;0;0.0001;2;2;0;0;76;0;0;46748233;0;0;0;0.0001;0.882;58.749;0;-0.62;0;0.004;0.004;1;46748233;0;0;0;0;0;0;0;0;0;46747000;37.34960041;-121.93067855;-6.14813232;0.00000000;0.00000000;3.96267343;3.98337722;
46748384;12.1;27.5;0;0;0;-81.5;-0.31;0;0;0;0;0.001;0;0;0;0.0001;2;2;0;0;76;0;0;46748334;0;0;0;0.0001;0.848;56.533;0;-0.23;0;0.004;0.004;1;46748350;0;0;0;0;0;0;0;0;0;46747000;37.34960041;-121.93067855;-6.14813232;0.00000000;0.00000000;3.96267343;3.98337722;
46748467;12.2;27.3;0;0;0;-57.4;-0.43;0;0;0;0;0.001;0;0;0;0.0001;2;2;0;0;76;0;0;46748417;0;0;0;0.0001;0.882;58.749;0;-0.35;0;0.004;0.004;1;46748452;0;0;0;0;0;0;0;0;0;46747000;37.34960041;-121.93067855;-6.14813232;0.00000000;0.00000000;3.96267343;3.98337722;
46748536;12.3;27.4;0;0;0;-59.3;-0.39;0;0;0;0;0.001;0;0;0;0.0001;2;2;0;0;76;0;0;46748485;0;0;0;0.0001;0.893;59.492;0;1.44;0;0.004;0.004;1;46748452;0;0;0;0;0;0;0;0;0;46747000;37.34960041;-121.93067855;-6.14813232;0.00000000;0.00000000;3.96267343;3.98337722;
46748618;12.2;27.3;0;0;0;-57.4;-0.32;0;0;0;0;0.001;0;0;0;0.0001;2;2;0;0;76;0;0;46748571;0;0;0;0.0001;0.854;56.901;0;-0.25;0;0.004;0.004;1;46748570;0;0;0;0;0;0;0;0;0;46747000;37.34960041;-121.93067855;-6.14813232;0.00000000;0.00000000;3.96267343;3.98337722;
46748685;12.2;27.6;0;0;0;-96.8;-0.38;0;0;0;0;0.001;0;0;0;0.0001;2;2;0;0;76;0;0;46748638;0;0;0;0.0001;0.893;59.492;0;1.03;0;0.004;0.004;1;46748651;0;0;0;0;0;0;0;0;0;46747000;37.34960041;-121.93067855;-6.14813232;0.00000000;0.00000000;3.96267343;3.98337722;
46748804;12.3;27.5;0;0;0;-81.1;-0.36;0;0;0;0;0.001;0;0;0;0.0001;2;2;0;0;76;0;0;46748721;0;0;0;0.0001;0.837;55.798;0;-0.57;0;0.004;0.004;1;46748752;0;0;0;0;0;0;0;0;0;46748000;37.34959904;-121.93067191;-6.24349976;0.00000000;0.00000000;3.94240832;4.06555939;
46748867;12.1;27.4;0;0;0;-60.9;-0.37;0;0;0;0;0.001;0;0;0;0.0001;2;2;0;0;76;0;0;46748805;0;0;0;0.0001;0.843;56.165;0;-0.13;0;0.004;0.004;1;46748837;0;0;0;0;0;0;0;0;0;46748000;37.34959904;-121.93067191;-6.24349976;0.00000000;0.00000000;3.94240832;4.06555939;
46748916;12.1;27.4;0;0;0;-61.8;-0.4;0;0;0;0;0.001;0;0;0;0.0001;2;2;0;0;76;0;0;46748867;0;0;0;0.0001;0.832;55.431;0;-0.7;0;0.004;0.004;1;46748837;0;0;0;0;0;0;0;0;0;46748000;37.34959904;-121.93067191;-6.24349976;0.00000000;0.00000000;3.94240832;4.06555939;
46748987;12.1;27.4;0;0;0;-64;-0.41;0;0;0;0;0.001;0;0;0;0.0001;2;2;0;0;76;0;0;46748927;0;0;0;0.0001;0.871;58.009;0;0.97;0;0.004;0.004;1;46748953;0;0;0;0;0;0;0;0;0;46748000;37.34959904;-121.93067191;-6.24349976;0.00000000;0.00000000;3.94240832;4.06555939;
46749036;12.2;27.6;0;0;0;-110.7;-0.29;0;0;0;0;0;0;0;0;0.0001;2;2;0;0;76;0;0;46748987;0;0;0;0.0001;0.843;56.165;0;-0.62;0;0.004;0.004;1;46748953;0;0;0;0;0;0;0;0;0;46748000;37.34959904;-121.93067191;-6.24349976;0.00000000;0.00000000;3.94240832;4.06555939;
46749138;12.2;27.5;0;0;0;-72.8;-0.28;0;0;0;0;0;0;0;0;0.0001;2;2;0;0;76;0;0;46749071;0;0;0;0.0001;0.893;59.492;0;2.07;0;0.004;0.004;1;46749071;0;0;0;0;0;0;0;0;0;46748000;37.34959904;-121.93067191;-6.24349976;0.00000000;0.00000000;3.94240832;4.06555939;
46749188;12.3;27.5;0;0;0;-79.4;-0.32;0;0;0;0;0.001;0;0;0;0.0001;2;2;0;0;76;0;0;46749139;0;0;0;0.0001;0.843;56.165;0;-0.56;0;0.004;0.004;1;46749172;0;0;0;0;0;0;0;0;0;46748000;37.34959904;-121.93067191;-6.24349976;0.00000000;0.00000000;3.94240832;4.06555939;
46749259;12.4;27.4;0;0;0;-76.2;-0.31;0;0;0;0;0.001;0;0;0;0.0001;2;2;0;0;76;0;0;46749222;0;0;0;0.0001;0.904;60.236;0;1.12;0;0.004;0.004;1;46749172;0;0;0;0;0;0;0;0;0;46748000;37.34959904;-121.93067191;-6.24349976;0.00000000;0.00000000;3.94240832;4.06555939;
46749340;12.3;27.5;0;0;0;-83.6;-0.35;0;0;0;0;0;0;0;0;0.0001;2;2;0;0;76;0;0;46749280;0;0;0;0.0001;0.832;55.431;0;-0.82;0;0.004;0.004;1;46749280;0;0;0;0;0;0;0;0;0;46748000;37.34959904;-121.93067191;-6.24349976;0.00000000;0.00000000;3.94240832;4.06555939;
46749439;12.1;27.5;0;0;0;-63.5;-0.22;0;0;0;0;0.001;0;0;0;0.0001;2;2;0;0;76;0;0;46749355;0;0;0;0.0001;0.898;59.864;0;-0.44;0;0.004;0.004;1;46749370;0;0;0;0;0;0;0;0;0;46748000;37.34959904;-121.93067191;-6.24349976;0.00000000;0.00000000;3.94240832;4.06555939;
46749488;12.3;27.5;0;0;0;-65.9;-0.36;0;0;0;0;0.001;0;0;0;0.0001;2;2;0;0;76;0;0;46749470;0;0;0;0.0001;0.898;59.864;0;-0.08;0;0.004;0.004;1;46749470;0;0;0;0;0;0;0;0;0;46748000;37.34959904;-121.93067191;-6.24349976;0.00000000;0.00000000;3.94240832;4.06555939;
46749589;12.1;27.4;0;0;0;-62.7;-0.27;0;0;0;0;0;0;0;0;0.0001;2;2;0;0;76;0;0;46749572;0;0;0;0.0001;0.848;56.533;0;-0.68;0;0.004;0.004;1;46749573;0;0;0;0;0;0;0;0;0;46748000;37.34959904;-121.93067191;-6.24349976;0.00000000;0.00000000;3.94240832;4.06555939;
46749673;12.1;27.4;0;0;0;-62.2;-0.35;0;0;0;0;0.001;0;0;0;0.0001;2;2;0;0;76;0;0;46749572;0;0;0;0.0001;0.848;56.533;0;-0.68;0;0.004;0.004;1;46749573;0;0;0;0;0;0;0;0;0;46748000;37.34959904;-121.93067191;-6.24349976;0.00000000;0.00000000;3.94240832;4.06555939;
46749772;12.1;27.4;0;0;0;-60.8;-0.26;0;0;0;0;0;0;0;0;0.0001;2;2;0;0;76;0;0;46749673;0;0;0;0.0001;0.887;59.121;0;0.9;0;0.004;0.004;1;46749705;0;0;0;0;0;0;0;0;0;46749000;37.34960133;-121.93067373;-6.58255005;0.00000000;0.00000000;3.95126510;4.12801933;
46749861;12.3;27.4;0;0;0;-59.5;-0.3;0;0;0;0;0.001;0;0;0;0.0001;2;2;0;0;76;0;0;46749772;0;0;0;0.0001;0.859;57.27;0;0.28;0;0.004;0.004;1;46749788;0;0;0;0;0;0;0;0;0;46749000;37.34960133;-121.93067373;-6.58255005;0.00000000;0.00000000;3.95126510;4.12801933;
46749940;12.1;27.4;0;0;0;-63.8;-0.29;0;0;0;0;0.001;0;0;0;0.0001;2;2;0;0;76;0;0;46749890;0;0;0;0.0001;0.949;63.232;0;0.36;0;0.004;0.004;1;46749890;0;0;0;0;0;0;0;0;0;46749000;37.34960133;-121.93067373;-6.58255005;0.00000000;0.00000000;3.95126510;4.12801933;
46750040;12.2;27.4;0;0;0;-59.3;-0.32;0;0;0;0;0.001;0;0;0;0.0001;2;2;0;0;76;0;0;46749972;0;0;0;0.0001;0.915;60.982;0;1.08;0;0.004;0.004;1;46749972;0;0;0;0;0;0;0;0;0;46749000;37.34960133;-121.93067373;-6.58255005;0.00000000;0.00000000;3.95126510;4.12801933;
46750124;12.2;27.4;0;0;0;-60;-0.41;0;0;0;0;0;0;0;0;0.0001;2;2;0;0;76;0;0;46750041;0;0;0;0.0001;0.932;62.105;0;-0.06;0;0.004;0.004;1;46750074;0;0;0;0;0;0;0;0;0;46749000;37.34960133;-121.93067373;-6.58255005;0.00000000;0.00000000;3.95126510;4.12801933;
46750190;12.4;27.4;0;0;0;-61.4;-0.26;0;0;0;0;0;0;0;0;0.0001;2;2;0;0;76;0;0;46750124;0;0;0;0.0001;0.921;61.356;0;2.11;0;0.004;0.004;1;46750156;0;0;0;0;0;0;0;0;0;46749000;37.34960133;-121.93067373;-6.58255005;0.00000000;0.00000000;3.95126510;4.12801933;
46750306;12.2;27.3;0;0;0;-58.4;-0.28;0;0;0;0;0.001;0;0;0;0.0001;2;2;0;0;76;0;0;46750191;0;0;0;0.0001;0.893;59.492;0;-0.76;0;0.004;0.004;1;46750241;0;0;0;0;0;0;0;0;0;46749000;37.34960133;-121.93067373;-6.58255005;0.00000000;0.00000000;3.95126510;4.12801933;
46750394;12.2;27.3;0;0;0;-58.2;-0.32;0;0;0;0;0.001;0;0;0;0.0001;2;2;0;0;76;0;0;46750325;0;0;0;0.0001;0.865;57.639;0;1.19;0;0.004;0.004;1;46750327;0;0;0;0;0;0;0;0;0;46749000;37.34960133;-121.93067373;-6.58255005;0.00000000;0.00000000;3.95126510;4.12801933;
46750493;12.2;27.3;0;0;0;-58.2;-0.38;0;0;0;0;0;0;0;0;0.0001;2;2;0;0;76;0;0;46750458;0;0;0;0.0001;0.887;59.121;0;1;0;0.004;0.004;1;46750327;0;0;0;0;0;0;0;0;0;46749000;37.34960133;-121.93067373;-6.58255005;0.00000000;0.00000000;3.95126510;4.12801933;
46750593;12.1;27.4;0;0;0;-58.4;-0.39;0;0;0;0;0;0;0;0;0.0001;2;2;0;0;76;0;0;46750526;0;0;0;0.0001;0.843;56.165;0;-0.11;0;0.004;0.004;1;46750506;0;0;0;0;0;0;0;0;0;46749000;37.34960133;-121.93067373;-6.58255005;0.00000000;0.00000000;3.95126510;4.12801933;
46750692;12.3;27.4;0;0;0;-59.2;-0.45;0;0;0;0;0.001;0;0;0;0.0001;2;2;0;0;76;0;0;46750609;0;0;0;0.0001;0.876;58.379;0;-0.39;0;0.004;0.004;1;46750609;0;0;0;0;0;0;0;0;0;46749000;37.34960133;-121.93067373;-6.58255005;0.00000000;0.00000000;3.95126510;4.12801933;
46750810;12.3;27.4;0;0;0;-59.4;-0.32;0;0;0;0;0;0;0;0;0.0001;2;2;0;0;76;0;0;46750692;0;0;0;0.0001;0.854;56.901;0;2.08;0;0.004;0.004;1;46750759;0;0;0;0;0;0;0;0;0;46750000;37.34959929;-121.93067724;-6.45544434;0.00000000;0.00000000;4.13909006;4.32184744;
46750877;12.4;27.4;0;0;0;-60.5;-0.3;0;0;0;0;0.001;0;0;0;0.0001;2;2;0;0;76;0;0;46750843;0;0;0;0.0001;0.859;57.27;0;1.23;0;0.004;0.004;1;46750843;0;0;0;0;0;0;0;0;0;46750000;37.34959929;-121.93067724;-6.45544434;0.00000000;0.00000000;4.13909006;4.32184744;
46750928;12.2;27.4;0;0;0;-59.2;-0.25;0;0;0;0;0.001;0;0;0;0.0001;2;2;0;0;76;0;0;46750910;0;0;0;0.0001;0.859;57.27;0;-0.49;0;0.004;0.004;1;46750910;0;0;0;0;0;0;0;0;0;46750000;37.34959929;-121.93067724;-6.45544434;0.00000000;0.00000000;4.13909006;4.32184744;
46751026;12.3;27.4;0;0;0;-61;-0.35;0;0;0;0;0.001;0;0;0;0.0001;2;2;0;0;76;0;0;46750993;0;0;0;0.0001;0.865;57.639;0;-0.48;0;0.004;0.004;1;46750993;0;0;0;0;0;0;0;0;0;46750000;37.34959929;-121.93067724;-6.45544434;0.00000000;0.00000000;4.13909006;4.32184744;
46751110;12.4;27.4;0;0;0;-60.2;-0.35;0;0;0;0;0;0;0;0;0.0001;2;2;0;0;76;0;0;46750993;0;0;0;0.0001;0.865;57.639;0;-0.48;0;0.004;0.004;1;46750993;0;0;0;0;0;0;0;0;0;46750000;37.34959929;-121.93067724;-6.45544434;0.00000000;0.00000000;4.13909006;4.32184744;
46751176;12.1;27.4;0;0;0;-59.8;-0.3;0;0;0;0;0.001;0;0;0;0.0001;2;2;0;0;76;0;0;46751110;0;0;0;0.0001;0.949;63.232;0;0.79;0;0.004;0.004;1;46751164;0;0;0;0;0;0;0;0;0;46750000;37.34959929;-121.93067724;-6.45544434;0.00000000;0.00000000;4.13909006;4.32184744;
46751282;12.3;27.5;0;0;0;-62.8;-0.33;0;0;0;0;0.001;0;0;0;0.0001;2;2;0;0;76;0;0;46751211;0;0;0;0.0001;0.882;58.749;0;0.94;0;0.004;0.004;1;46751164;0;0;0;0;0;0;0;0;0;46750000;37.34959929;-121.93067724;-6.45544434;0.00000000;0.00000000;4.13909006;4.32184744;
46751378;12.1;27.4;0;0;0;-61;-0.34;0;0;0;0;0.001;0;0;0;0.0001;2;2;0;0;76;0;0;46751310;0;0;0;0.0001;0.865;57.639;0;0.04;0;0.004;0.004;1;46751309;0;0;0;0;0;0;0;0;0;46750000;37.34959929;-121.93067724;-6.45544434;0.00000000;0.00000000;4.13909006;4.32184744;
46751445;12.3;27.4;0;0;0;-60.7;-0.31;0;0;0;0;0.001;0;0;0;0.0001;2;2;0;0;76;0;0;46751394;0;0;0;0.0001;0.915;60.982;0;0.66;0;0.004;0.004;1;46751409;0;0;0;0;0;0;0;0;0;46750000;37.34959929;-121.93067724;-6.45544434;0.00000000;0.00000000;4.13909006;4.32184744;
46751564;12.2;27.4;0;0;0;-72.9;-0.32;0;0;0;0;0.001;0;0;0;0.0001;2;2;0;0;76;0;0;46751481;0;0;0;0.0001;0.859;57.27;0;-0.55;0;0.004;0.004;1;46751481;0;0;0;0;0;0;0;0;0;46750000;37.34959929;-121.93067724;-6.45544434;0.00000000;0.00000000;4.13909006;4.32184744;
46751624;12.2;27.3;0;0;0;-57.3;-0.39;0;0;0;0;0.001;0;0;0;0.0001;2;2;0;0;76;0;0;46751564;0;0;0;0.0001;0.882;58.749;0;0.08;0;0.004;0.004;1;46751597;0;0;0;0;0;0;0;0;0;46750000;37.34959929;-121.93067724;-6.45544434;0.00000000;0.00000000;4.13909006;4.32184744;
46751679;12.2;27.4;0;0;0;-59.7;-0.39;0;0;0;0;0.001;0;0;0;0.0001;2;2;0;0;76;0;0;46751662;0;0;0;0.0001;0.921;61.356;0;0.73;0;0.004;0.004;1;46751597;0;0;0;0;0;0;0;0;0;46750000;37.34959929;-121.93067724;-6.45544434;0.00000000;0.00000000;4.13909006;4.32184744;
46751782;12.2;27.5;0;0;0;-72.6;-0.34;0;0;0;0;0.001;0;0;0;0.0001;2;2;0;0;76;0;0;46751713;0;0;0;0.0001;0.871;58.009;0;0.65;0;0.004;0.004;1;46751713;0;0;0;0;0;0;0;0;0;46751000;37.34960076;-121.93067945;-6.70779419;0.00000000;0.00000000;3.92123723;4.00745726;
46751866;12.2;27.5;0;0;0;-75.2;-0.39;0;0;0;0;0;0;0;0;0.0001;2;2;0;0;76;0;0;46751782;0;0;0;0.0001;0.898;59.864;0;0.23;0;0.004;0.004;1;46751798;0;0;0;0;0;0;0;0;0;46751000;37.34960076;-121.93067945;-6.70779419;0.00000000;0.00000000;3.92123723;4.00745726;
46751919;12.1;27.6;0;0;0;-84.1;-0.37;0;0;0;0;0;0;0;0;0.0001;2;2;0;0;76;0;0;46751866;0;0;0;0.0001;0.848;56.533;0;2.13;0;0.004;0.004;1;46751898;0;0;0;0;0;0;0;0;0;46751000;37.34960076;-121.93067945;-6.70779419;0.00000000;0.00000000;3.92123723;4.00745726;
46751980;12.1;27.7;0;0;0;-68.8;-0.31;0;0;0;0;0.001;0;0;0;0.0001;2;2;0;0;76;0;0;46751946;0;0;0;0.0001;0.854;56.901;0;-1.11;0;0.004;0.004;1;46751898;0;0;0;0;0;0;0;0;0;46751000;37.34960076;-121.93067945;-6.70779419;0.00000000;0.00000000;3.92123723;4.00745726;
46752050;12.2;27.4;0;0;0;-86.5;-0.3;0;0;0;0;0;0;0;0;0.0001;2;2;0;0;76;0;0;46752018;0;0;0;0.0001;0.865;57.639;0;-0.87;0;0.004;0.004;1;46752018;0;0;0;0;0;0;0;0;0;46751000;37.34960076;-121.93067945;-6.70779419;0.00000000;0.00000000;3.92123723;4.00745726;
46752098;12.4;27.4;0;0;0;-79;-0.38;0;0;0;0;0.001;0;0;0;0.0001;2;2;0;0;76;0;0;46752018;0;0;0;0.0001;0.865;57.639;0;-0.87;0;0.004;0.004;1;46752018;0;0;0;0;0;0;0;0;0;46751000;37.34960076;-121.93067945;-6.70779419;0.00000000;0.00000000;3.92123723;4.00745726;
46752166;12.2;27.5;0;0;0;-63.7;-0.33;0;0;0;0;0.001;0;0;0;0.0001;2;2;0;0;76;0;0;46752116;0;0;0;0.0001;0.926;61.73;0;-0.94;0;0.004;0.004;1;46752132;0;0;0;0;0;0;0;0;0;46751000;37.34960076;-121.93067945;-6.70779419;0.00000000;0.00000000;3.92123723;4.00745726;
46752250;12.2;27.4;0;0;0;-59.8;-0.37;0;0;0;0;0.001;0;0;0;0.0001;2;2;0;0;76;0;0;46752232;0;0;0;0.0001;0.943;62.856;0;-0.22;0;0.004;0.004;1;46752232;0;0;0;0;0;0;0;0;0;46751000;37.34960076;-121.93067945;-6.70779419;0.00000000;0.00000000;3.92123723;4.00745726;
46752316;12.4;27.6;0;0;0;-64.6;-0.42;0;0;0;0;0.001;0;0;0;0.0001;2;2;0;0;76;0;0;46752232;0;0;0;0.0001;0.943;62.856;0;-0.22;0;0.004;0.004;1;46752232;0;0;0;0;0;0;0;0;0;46751000;37.34960076;-121.93067945;-6.70779419;0.00000000;0.00000000;3.92123723;4.00745726;
46752401;12.2;27.4;0;0;0;-59.4;-0.42;0;0;0;0;0.001;0;0;0;0.0001;2;2;0;0;76;0;0;46752317;0;0;0;0.0001;0.904;60.236;0;0.77;0;0.004;0.004;1;46752354;0;0;0;0;0;0;0;0;0;46751000;37.34960076;-121.93067945;-6.70779419;0.00000000;0.00000000;3.92123723;4.00745726;
46752465;12.2;27.3;0;0;0;-59;-0.3;0;0;0;0;0.001;0;0;0;0.0001;2;2;0;0;76;0;0;46752401;0;0;0;0.0001;0.865;57.639;0;-0.88;0;0.004;0.004;1;46752430;0;0;0;0;0;0;0;0;0;46751000;37.34960076;-121.93067945;-6.70779419;0.00000000;0.00000000;3.92123723;4.00745726;
46752537;12.4;27.4;0;0;0;-58.8;-0.4;0;0;0;0;0.001;0;0;0;0.0001;2;2;0;0;76;0;0;46752509;0;0;0;0.0001;0.876;58.379;0;2.18;0;0.004;0.004;1;46752509;0;0;0;0;0;0;0;0;0;46751000;37.34960076;-121.93067945;-6.70779419;0.00000000;0.00000000;3.92123723;4.00745726;
46752621;12.2;27.3;0;0;0;-57.2;-0.41;0;0;0;0;0.001;0;0;0;0.0001;2;2;0;0;76;0;0;46752509;0;0;0;0.0001;0.876;58.379;0;2.18;0;0.004;0.004;1;46752509;0;0;0;0;0;0;0;0;0;46751000;37.34960076;-121.93067945;-6.70779419;0.00000000;0.00000000;3.92123723;4.00745726;
46752705;12.3;27.3;0;0;0;-58.2;-0.33;0;0;0;0;0.001;0;0;0;0.0001;2;2;0;0;76;0;0;46752635;0;0;0;0.0001;0.859;57.27;0;1.56;0;0.004;0.004;1;46752650;0;0;0;0;0;0;0;0;0;46751000;37.34960076;-121.93067945;-6.70779419;0.00000000;0.00000000;3.92123723;4.00745726;
46752786;12.3;27.4;0;0;0;-58.4;-0.41;0;0;0;0;0;0;0;0;0.0001;2;2;0;0;76;0;0;46752737;0;0;0;0.0001;0.843;56.165;0;-0.75;0;0.004;0.004;1;46752738;0;0;0;0;0;0;0;0;0;46752000;37.34960176;-121.93067720;-6.74542236;0.00000000;0.00000000;3.79009247;3.77982616;
46752884;12.3;27.3;0;0;0;-57.3;-0.32;0;0;0;0;0.001;0;0;0;0.0001;2;2;0;0;76;0;0;46752804;0;0;0;0.0001;0.848;56.533;0;-0.96;0;0.004;0.004;1;46752820;0;0;0;0;0;0;0;0;0;46752000;37.34960176;-121.93067720;-6.74542236;0.00000000;0.00000000;3.79009247;3.77982616;
46752952;12.1;27.4;0;0;0;-62.8;-0.34;0;0;0;0;0.001;0;0;0;0.0001;2;2;0;0;76;0;0;46752910;0;0;0;0.0001;0.871;58.009;0;-0.42;0;0.004;0.004;1;46752910;0;0;0;0;0;0;0;0;0;46752000;37.34960176;-121.93067720;-6.74542236;0.00000000;0.00000000;3.79009247;3.77982616;
46753072;12.4;27.5;0;0;0;-62.7;-0.21;0;0;0;0;0.001;0;0;0;0.0001;2;2;0;0;76;0;0;46753007;0;0;0;0.0001;0.826;55.064;0;-1.34;0;0.004;0.004;1;46753007;0;0;0;0;0;0;0;0;0;46752000;37.34960176;-121.93067720;-6.74542236;0.00000000;0.00000000;3.79009247;3.77982616;
46753159;12.2;27.5;0;0;0;-62.3;-0.28;0;0;0;0;0.001;0;0;0;0.0001;2;2;0;0;76;0;0;46753087;0;0;0;0.0001;0.91;60.609;0;-1.72;0;0.004;0.004;1;46753102;0;0;0;0;0;0;0;0;0;46752000;37.34960176;-121.93067720;-6.74542236;0.00000000;0.00000000;3.79009247;3.77982616;
46753252;12.3;27.4;0;0;0;-59.7;-0.31;0;0;0;0;0;0;0;0;0.0001;2;2;0;0;76;0;0;46753186;0;0;0;0.0001;0.882;58.749;0;0.87;0;0.004;0.004;1;46753186;0;0;0;0;0;0;0;0;0;46752000;37.34960176;-121.93067720;-6.74542236;0.00000000;0.00000000;3.79009247;3.77982616;
46753308;12.3;27.4;0;0;0;-59.8;-0.29;0;0;0;0;0.001;0;0;0;0.0001;2;2;0;0;76;0;0;46753253;0;0;0;0.0001;0.932;62.105;0;0.37;0;0.004;0.004;1;46753267;0;0;0;0;0;0;0;0;0;46752000;37.34960176;-121.93067720;-6.74542236;0.00000000;0.00000000;3.79009247;3.77982616;
46753400;12.3;27.3;0;0;0;-57.6;-0.39;0;0;0;0;0.001;0;0;0;0.0001;2;2;0;0;76;0;0;46753338;0;0;0;0.0001;0.921;61.356;0;1.13;0;0.004;0.004;1;46753338;0;0;0;0;0;0;0;0;0;46752000;37.34960176;-121.93067720;-6.74542236;0.00000000;0.00000000;3.79009247;3.77982616;
46753488;12.1;27.3;0;0;0;-57.9;-0.3;0;0;0;0;0.001;0;0;0;0.0001;2;2;0;0;76;0;0;46753401;0;0;0;0.0001;0.887;59.121;0;1.44;0;0.004;0.004;1;46753418;0;0;0;0;0;0;0;0;0;46752000;37.34960176;-121.93067720;-6.74542236;0.00000000;0.00000000;3.79009247;3.77982616;
46753553;12.3;27.3;0;0;0;-57.8;-0.36;0;0;0;0;0.001;0;0;0;0.0001;2;2;0;0;76;0;0;46753489;0;0;0;0.0001;0.904;60.236;0;0.65;0;0.004;0.004;1;46753527;0;0;0;0;0;0;0;0;0;46752000;37.34960176;-121.93067720;-6.74542236;0.00000000;0.00000000;3.79009247;3.77982616;
46753603;12.1;27.3;0;0;0;-57.5;-0.25;0;0;0;0;0.001;0;0;0;0.0001;2;2;0;0;76;0;0;46753554;0;0;0;0.0001;0.821;54.698;0;-0.35;0;0.004;0.004;1;46753527;0;0;0;0;0;0;0;0;0;46752000;37.34960176;-121.93067720;-6.74542236;0.00000000;0.00000000;3.79009247;3.77982616;
46753658;12.2;27.3;0;0;0;-57.8;-0.39;0;0;0;0;0.001;0;0;0;0.0001;2;2;0;0;76;0;0;46753604;0;0;0;0.0001;0.915;60.982;0;1.41;0;0.004;0.004;1;46753625;0;0;0;0;0;0;0;0;0;46752000;37.34960176;-121.93067720;-6.74542236;0.00000000;0.00000000;3.79009247;3.77982616;
46753724;12.1;27.4;0;0;0;-59.9;-0.33;0;0;0;0;0.001;0;0;0;0.0001;2;2;0;0;76;0;0;46753695;0;0;0;0.0001;0.854;56.901;0;-0.85;0;0.004;0.004;1;46753625;0;0;0;0;0;0;0;0;0;46752000;37.34960176;-121.93067720;-6.74542236;0.00000000;0.00000000;3.79009247;3.77982616;
46753839;12.2;27.3;0;0;0;-57.6;-0.33;0;0;0;0;0;0;0;0;0.0001;2;2;0;0;76;0;0;46753758;0;0;0;0.0001;0.859;57.27;0;-0.53;0;0.004;0.004;1;46753757;0;0;0;0;0;0;0;0;0;46753000;37.34960628;-121.93067872;-6.52902222;0.00000000;0.00000000;3.79009247;3.66274810;
46753908;12.3;27.4;0;0;0;-59.2;-0.32;0;0;0;0;0;0;0;0;0.0001;2;2;0;0;76;0;0;46753840;0;0;0;0.0001;0.921;61.356;0;-0.79;0;0.004;0.004;1;46753872;0;0;0;0;0;0;0;0;0;46753000;37.34960628;-121.93067872;-6.52902222;0.00000000;0.00000000;3.79009247;3.66274810;
46753968;12.3;27.4;0;0;0;-58.3;-0.38;0;0;0;0;0.001;0;0;0;0.0001;2;2;0;0;76;0;0;46753908;0;0;0;0.0001;0.843;56.165;0;-0.46;0;0.004;0.004;1;46753872;0;0;0;0;0;0;0;0;0;46753000;37.34960628;-121.93067872;-6.52902222;0.00000000;0.00000000;3.79009247;3.66274810;
46754059;12.1;27.3;0;0;0;-57;-0.33;0;0;0;0;0.001;0;0;0;0.0001;2;2;0;0;76;0;0;46753969;0;0;0;0.0001;0.843;56.165;0;-1.48;0;0.004;0.004;1;46753989;0;0;0;0;0;0;0;0;0;46753000;37.34960628;-121.93067872;-6.52902222;0.00000000;0.00000000;3.79009247;3.66274810;
46754142;12.2;27.4;0;0;0;-58.1;-0.31;0;0;0;0;0.001;0;0;0;0.0001;2;2;0;0;76;0;0;46754075;0;0;0;0.0001;0.932;62.105;0;1.82;0;0.004;0.004;1;46754091;0;0;0;0;0;0;0;0;0;46753000;37.34960628;-121.93067872;-6.52902222;0.00000000;0.00000000;3.79009247;3.66274810;
46754208;12.1;27.3;0;0;0;-57.7;-0.29;0;0;0;0;0.001;0;0;0;0.0001;2;2;0;0;76;0;0;46754176;0;0;0;0.0001;0.882;58.749;0;0.38;0;0.004;0.004;1;46754176;0;0;0;0;0;0;0;0;0;46753000;37.34960628;-121.93067872;-6.52902222;0.00000000;0.00000000;3.79009247;3.66274810;
46754302;12.3;27.4;0;0;0;-58.5;-0.26;0;0;0;0;0;0;0;0;0.0001;2;2;0;0;76;0;0;46754242;0;0;0;0.0001;0.837;55.798;0;-0.38;0;0.004;0.004;1;46754242;0;0;0;0;0;0;0;0;0;46753000;37.34960628;-121.93067872;-6.52902222;0.00000000;0.00000000;3.79009247;3.66274810;
46754349;12.2;27.3;0;0;0;-58.5;-0.39;0;0;0;0;0.001;0;0;0;0.0001;2;2;0;0;76;0;0;46754303;0;0;0;0.0001;0.871;58.009;0;-0.32;0;0.004;0.004;1;46754320;0;0;0;0;0;0;0;0;0;46753000;37.34960628;-121.93067872;-6.52902222;0.00000000;0.00000000;3.79009247;3.66274810;
46754444;12.1;27.3;0;0;0;-58.8;-0.35;0;0;0;0;0;0;0;0;0.0001;2;2;0;0;76;0;0;46754366;0;0;0;0.0001;0.938;62.48;0;1.93;0;0.004;0.004;1;46754426;0;0;0;0;0;0;0;0;0;46753000;37.34960628;-121.93067872;-6.52902222;0.00000000;0.00000000;3.79009247;3.66274810;
46754499;12.4;27.4;0;0;0;-59.1;-0.4;0;0;0;0;0.001;0;0;0;0.0001;2;2;0;0;76;0;0;46754444;0;0;0;0.0001;0.826;55.064;0;1.93;0;0.004;0.004;1;46754426;0;0;0;0;0;0;0;0;0;46753000;37.34960628;-121.93067872;-6.52902222;0.00000000;0.00000000;3.79009247;3.66274810;
46754575;12.3;27.4;0;0;0;-58.4;-0.39;0;0;0;0;0;0;0;0;0.0001;2;2;0;0;76;0;0;46754501;0;0;0;0.0001;0.949;63.232;0;1.49;0;0.004;0.004;1;46754526;0;0;0;0;0;0;0;0;0;46753000;37.34960628;-121.93067872;-6.52902222;0.00000000;0.00000000;3.79009247;3.66274810;
46754659;12.1;27.3;0;0;0;-59;-0.3;0;0;0;0;0;0;0;0;0.0001;2;2;0;0;76;0;0;46754625;0;0;0;0.0001;0.859;57.27;0;-0.89;0;0.004;0.004;1;46754625;0;0;0;0;0;0;0;0;0;46753000;37.34960628;-121.93067872;-6.52902222;0.00000000;0.00000000;3.79009247;3.66274810;
46754747;12.1;27.3;0;0;0;-57.9;-0.34;0;0;0;0;0;0;0;0;0.0001;2;2;0;0;76;0;0;46754677;0;0;0;0.0001;0.887;59.121;0;0.54;0;0.004;0.004;1;46754692;0;0;0;0;0;0;0;0;0;46753000;37.34960628;-121.93067872;-6.52902222;0.00000000;0.00000000;3.79009247;3.66274810;
46754831;12.2;27.4;0;0;0;-58.4;-0.34;0;0;0;0;0;0;0;0;0.0001;2;2;0;0;76;0;0;46754776;0;0;0;0.0001;0.832;55.431;0;-0.87;0;0.004;0.004;1;46754813;0;0;0;0;0;0;0;0;0;46754000;37.34960962;-121.93068123;-6.50970459;0.00000000;0.00000000;3.79009247;3.66969991;
46754895;12.1;27.3;0;0;0;-57.4;-0.42;0;0;0;0;0.001;0;0;0;0.0001;2;2;0;0;76;0;0;46754833;0;0;0;0.0001;0.932;62.105;0;0.99;0;0.004;0.004;1;46754813;0;0;0;0;0;0;0;0;0;46754000;37.34960962;-121.93068123;-6.50970459;0.00000000;0.00000000;3.79009247;3.66969991;
46754978;12.2;27.3;0;0;0;-57.4;-0.34;0;0;0;0;0;0;0;0;0.0001;2;2;0;0;76;0;0;46754927;0;0;0;0.0001;0.865;57.639;0;-0.97;0;0.004;0.004;1;46754927;0;0;0;0;0;0;0;0;0;46754000;37.34960962;-121.93068123;-6.50970459;0.00000000;0.00000000;3.79009247;3.66969991;
46755044;12.1;27.4;0;0;0;-58.6;-0.35;0;0;0;0;0;0;0;0;0.0001;2;2;0;0;76;0;0;46754996;0;0;0;0.0001;0.876;58.379;0;0.63;0;0.004;0.004;1;46755011;0;0;0;0;0;0;0;0;0;46754000;37.34960962;-121.93068123;-6.50970459;0.00000000;0.00000000;3.79009247;3.66969991;
46755161;12.2;27.4;0;0;0;-59.1;-0.31;0;0;0;0;0.001;0;0;0;0.0001;2;2;0;0;76;0;0;46755078;0;0;0;0.0001;0.882;58.749;0;1.4;0;0.004;0.004;1;46755078;0;0;0;0;0;0;0;0;0;46754000;37.34960962;-121.93068123;-6.50970459;0.00000000;0.00000000;3.79009247;3.66969991;
46755229;12.2;27.3;0;0;0;-57.3;-0.37;0;0;0;0;0.001;0;0;0;0.0001;2;2;0;0;76;0;0;46755161;0;0;0;0.0001;0.837;55.798;0;-1.33;0;0.004;0.004;1;46755194;0;0;0;0;0;0;0;0;0;46754000;37.34960962;-121.93068123;-6.50970459;0.00000000;0.00000000;3.79009247;3.66969991;
46755279;12.3;27.3;0;0;0;-58.2;-0.38;0;0;0;0;0.001;0;0;0;0.0001;2;2;0;0;76;0;0;46755229;0;0;0;0.0001;0.848;56.533;0;-0.61;0;0.004;0.004;1;46755194;0;0;0;0;0;0;0;0;0;46754000;37.34960962;-121.93068123;-6.50970459;0.00000000;0.00000000;3.79009247;3.66969991;
46755344;12.2;27.5;0;0;0;-93.1;-0.37;0;0;0;0;0.001;0;0;0;0.0001;2;2;0;0;76;0;0;46755281;0;0;0;0.0001;0.921;61.356;0;-0.54;0;0.004;0.004;1;46755310;0;0;0;0;0;0;0;0;0;46754000;37.34960962;-121.93068123;-6.50970459;0.00000000;0.00000000;3.79009247;3.66969991;
46755413;12.1;27.5;0;0;0;-85.9;-0.37;0;0;0;0;0;0;0;0;0.0001;2;2;0;0;76;0;0;46755376;0;0;0;0.0001;0.91;60.609;0;0.12;0;0.004;0.004;1;46755377;0;0;0;0;0;0;0;0;0;46754000;37.34960962;-121.93068123;-6.50970459;0.00000000;0.00000000;3.79009247;3.66969991;
46755462;12.1;27.4;0;0;0;-92.1;-0.45;0;0;0;0;0.001;0;0;0;0.0001;2;2;0;0;76;0;0;46755376;0;0;0;0.0001;0.91;60.609;0;0.12;0;0.004;0.004;1;46755377;0;0;0;0;0;0;0;0;0;46754000;37.34960962;-121.93068123;-6.50970459;0.00000000;0.00000000;3.79009247;3.66969991;
46755526;12.2;27.4;0;0;0;-60.4;-0.32;0;0;0;0;0.001;0;0;0;0.0001;2;2;0;0;76;0;0;46755462;0;0;0;0.0001;0.915;60.982;0;2.16;0;0.004;0.004;1;46755498;0;0;0;0;0;0;0;0;0;46754000;37.34960962;-121.93068123;-6.50970459;0.00000000;0.00000000;3.79009247;3.66969991;
46755588;12.1;27.4;0;0;0;-67.8;-0.33;0;0;0;0;0.001;0;0;0;0.0001;2;2;0;0;76;0;0;46755526;0;0;0;0.0001;0.938;62.48;0;1.69;0;0.004;0.004;1;46755498;0;0;0;0;0;0;0;0;0;46754000;37.34960962;-121.93068123;-6.50970459;0.00000000;0.00000000;3.79009247;3.66969991;
46755674;12.1;27.4;0;0;0;-59.6;-0.38;0;0;0;0;0;0;0;0;0.0001;2;2;0;0;76;0;0;46755588;0;0;0;0.0001;0.915;60.982;0;1.16;0;0.004;0.004;1;46755611;0;0;0;0;0;0;0;0;0;46754000;37.34960962;-121.93068123;-6.50970459;0.00000000;0.00000000;3.79009247;3.66969991;
46755764;12.4;27.4;0;0;0;-63.7;-0.39;0;0;0;0;0.001;0;0;0;0.0001;2;2;0;0;76;0;0;46755674;0;0;0;0.0001;0.915;60.982;0;-0.46;0;0.004;0.004;1;46755711;0;0;0;0;0;0;0;0;0;46755000;37.34961282;-121.93068139;-6.71386719;0.00000000;0.00000000;3.79009247;3.67192411;
46755876;12.3;27.4;0;0;0;-62.5;-0.26;0;0;0;0;0.001;0;0;0;0.0001;2;2;0;0;76;0;0;46755797;0;0;0;0.0001;0.904;60.236;0;-0.78;0;0.004;0.004;1;46755797;0;0;0;0;0;0;0;0;0;46755000;37.34961282;-121.93068139;-6.71386719;0.00000000;0.00000000;3.79009247;3.67192411;
46755981;12.1;27.4;0;0;0;-67;-0.35;0;0;0;0;0;0;0;0;0.0001;2;2;0;0;76;0;0;46755893;0;0;0;0.0001;0.854;56.901;0;-0.19;0;0.004;0.004;1;46755912;0;0;0;0;0;0;0;0;0;46755000;37.34961282;-121.93068139;-6.71386719;0.00000000;0.00000000;3.79009247;3.67192411;
46756069;12.1;27.4;0;0;0;-59;-0.37;0;0;0;0;0.001;0;0;0;0.0001;2;2;0;0;76;0;0;46755997;0;0;0;0.0001;0.837;55.798;0;-1.22;0;0.004;0.004;1;46755998;0;0;0;0;0;0;0;0;0;46755000;37.34961282;-121.93068139;-6.71386719;0.00000000;0.00000000;3.79009247;3.67192411;
46756159;12.1;27.4;0;0;0;-59.5;-0.37;0;0;0;0;0;0;0;0;0.0001;2;2;0;0;76;0;0;46756097;0;0;0;0.0001;0.876;58.379;0;0.13;0;0.004;0.004;1;46756097;0;0;0;0;0;0;0;0;0;46755000;37.34961282;-121.93068139;-6.71386719;0.00000000;0.00000000;3.79009247;3.67192411;
46756215;12.2;27.3;0;0;0;-57.5;-0.39;0;0;0;0;0;0;0;0;0.0001;2;2;0;0;76;0;0;46756160;0;0;0;0.0001;0.887;59.121;0;0.88;0;0.004;0.004;1;46756177;0;0;0;0;0;0;0;0;0;46755000;37.34961282;-121.93068139;-6.71386719;0.00000000;0.00000000;3.79009247;3.67192411;
46756297;12.2;27.4;0;0;0;-87.7;-0.36;0;0;0;0;0.001;0;0;0;0.0001;2;2;0;0;76;0;0;46756251;0;0;0;0.0001;0.843;56.165;0;-1.07;0;0.004;0.004;1;46756251;0;0;0;0;0;0;0;0;0;46755000;37.34961282;-121.93068139;-6.71386719;0.00000000;0.00000000;3.79009247;3.67192411;
46756376;12.2;27.4;0;0;0;-58.5;-0.29;0;0;0;0;0.001;0;0;0;0.0001;2;2;0;0;76;0;0;46756317;0;0;0;0.0001;0.854;56.901;0;0.77;0;0.004;0.004;1;46756332;0;0;0;0;0;0;0;0;0;46755000;37.34961282;-121.93068139;-6.71386719;0.00000000;0.00000000;3.79009247;3.67192411;
46756449;12.2;27.4;0;0;0;-59;-0.42;0;0;0;0;0.001;0;0;0;0.0001;2;2;0;0;76;0;0;46756394;0;0;0;0.0001;0.91;60.609;0;-0.14;0;0.004;0.004;1;46756394;0;0;0;0;0;0;0;0;0;46755000;37.34961282;-121.93068139;-6.71386719;0.00000000;0.00000000;3.79009247;3.67192411;
46756509;12.2;27.3;0;0;0;-57.5;-0.3;0;0;0;0;0.001;0;0;0;0.0001;2;2;0;0;76;0;0;46756450;0;0;0;0.0001;0.876;58.379;0;0.67;0;0.004;0.004;1;46756484;0;0;0;0;0;0;0;0;0;46755000;37.34961282;-121.93068139;-6.71386719;0.00000000;0.00000000;3.79009247;3.67192411;
46756603;12.4;27.5;0;0;0;-62;-0.44;0;0;0;0;0;0;0;0;0.0001;2;2;0;0;76;0;0;46756583;0;0;0;0.0001;0.876;58.379;0;2.08;0;0.004;0.004;1;46756583;0;0;0;0;0;0;0;0;0;46755000;37.34961282;-121.93068139;-6.71386719;0.00000000;0.00000000;3.79009247;3.67192411;
46756701;12.1;27.4;0;0;0;-59.7;-0.37;0;0;0;0;0.001;0;0;0;0.0001;2;2;0;0;76;0;0;46756636;0;0;0;0.0001;0.848;56.533;0;-0.19;0;0.004;0.004;1;46756636;0;0;0;0;0;0;0;0;0;46755000;37.34961282;-121.93068139;-6.71386719;0.00000000;0.00000000;3.79009247;3.67192411;
46756786;12.1;27.5;0;0;0;-62.2;-0.32;0;0;0;0;0.001;0;0;0;0.0001;2;2;0;0;76;0;0;46756702;0;0;0;0.0001;0.921;61.356;0;0.23;0;0.004;0.004;1;46756734;0;0;0;0;0;0;0;0;0;46756000;37.34961433;-121.93067517;-6.75564575;0.00000000;0.00000000;3.79009247;3.49141955;
46756850;12.1;27.4;0;0;0;-60.5;-0.34;0;0;0;0;0;0;0;0;0.0001;2;2;0;0;76;0;0;46756786;0;0;0;0.0001;0.843;56.165;0;-0.76;0;0.004;0.004;1;46756806;0;0;0;0;0;0;0;0;0;46756000;37.34961433;-121.93067517;-6.75564575;0.00000000;0.00000000;3.79009247;3.49141955;
46756932;12.3;27.4;0;0;0;-59.3;-0.35;0;0;0;0;0.001;0;0;0;0.0001;2;2;0;0;76;0;0;46756867;0;0;0;0.0001;0.943;62.856;0;0.33;0;0.004;0.004;1;46756868;0;0;0;0;0;0;0;0;0;46756000;37.34961433;-121.93067517;-6.75564575;0.00000000;0.00000000;3.79009247;3.49141955;
46757001;12.3;27.4;0;0;0;-60.1;-0.29;0;0;0;0;0.001;0;0;0;0.0001;2;2;0;0;76;0;0;46756934;0;0;0;0.0001;0.904;60.236;0;2.17;0;0.004;0.004;1;46756868;0;0;0;0;0;0;0;0;0;46756000;37.34961433;-121.93067517;-6.75564575;0.00000000;0.00000000;3.79009247;3.49141955;
46757082;12.1;27.6;0;0;0;-87.8;-0.31;0;0;0;0;0.001;0;0;0;0.0001;2;2;0;0;76;0;0;46757018;0;0;0;0.0001;0.955;63.608;0;0.62;0;0.004;0.004;1;46757018;0;0;0;0;0;0;0;0;0;46756000;37.34961433;-121.93067517;-6.75564575;0.00000000;0.00000000;3.79009247;3.49141955;
46757156;12.3;27.5;0;0;0;-68.8;-0.31;0;0;0;0;0;0;0;0;0.0001;2;2;0;0;76;0;0;46757083;0;0;0;0.0001;0.887;59.121;0;-0.34;0;0.004;0.004;1;46757133;0;0;0;0;0;0;0;0;0;46756000;37.34961433;-121.93067517;-6.75564575;0.00000000;0.00000000;3.79009247;3.49141955;
46757240;12.2;27.5;0;0;0;-62.9;-0.38;0;0;0;0;0.001;0;0;0;0.0001;2;2;0;0;76;0;0;46757168;0;0;0;0.0001;0.832;55.431;0;-0.42;0;0.004;0.004;1;46757133;0;0;0;0;0;0;0;0;0;46756000;37.34961433;-121.93067517;-6.75564575;0.00000000;0.00000000;3.79009247;3.49141955;
46757319;12.2;27.4;0;0;0;-60;-0.27;0;0;0;0;0.001;0;0;0;0.0001;2;2;0;0;76;0;0;46757271;0;0;0;0.0001;0.848;56.533;0;-1.29;0;0.004;0.004;1;46757270;0;0;0;0;0;0;0;0;0;46756000;37.34961433;-121.93067517;-6.75564575;0.00000000;0.00000000;3.79009247;3.49141955;
46757420;12.1;27.4;0;0;0;-58.7;-0.29;0;0;0;0;0.001;0;0;0;0.0001;2;2;0;0;76;0;0;46757355;0;0;0;0.0001;0.837;55.798;0;-1.09;0;0.004;0.004;1;46757355;0;0;0;0;0;0;0;0;0;46756000;37.34961433;-121.93067517;-6.75564575;0.00000000;0.00000000;3.79009247;3.49141955;
46757503;12.2;27.5;0;0;0;-66.8;-0.39;0;0;0;0;0.001;0;0;0;0.0001;2;2;0;0;76;0;0;46757421;0;0;0;0.0001;0.848;56.533;0;-1.15;0;0.004;0.004;1;46757436;0;0;0;0;0;0;0;0;0;46756000;37.34961433;-121.93067517;-6.75564575;0.00000000;0.00000000;3.79009247;3.49141955;
46757600;12.1;27.4;0;0;0;-58.8;-0.37;0;0;0;0;0.001;0;0;0;0.0001;2;2;0;0;76;0;0;46757534;0;0;0;0.0001;0.81;53.968;0;-1.13;0;0.004;0.004;1;46757534;0;0;0;0;0;0;0;0;0;46756000;37.34961433;-121.93067517;-6.75564575;0.00000000;0.00000000;3.79009247;3.49141955;
46757691;12.2;27.5;0;0;0;-88;-0.33;0;0;0;0;0;0;0;0;0.0001;2;2;0;0;76;0;0;46757611;0;0;0;0.0001;0.882;58.749;0;-0.19;0;0.004;0.004;1;46757611;0;0;0;0;0;0;0;0;0;46756000;37.34961433;-121.93067517;-6.75564575;0.00000000;0.00000000;3.79009247;3.49141955;
46757758;12.1;27.4;0;0;0;-63.6;-0.3;0;0;0;0;0.001;0;0;0;0.0001;2;2;0;0;76;0;0;46757691;0;0;0;0.0001;0.859;57.27;0;-1.44;0;0.004;0.004;1;46757712;0;0;0;0;0;0;0;0;0;46756000;37.34961433;-121.93067517;-6.75564575;0.00000000;0.00000000;3.79009247;3.49141955;
46757799;12.2;27.4;0;0;0;-60.8;-0.34;0;0;0;0;0.001;0;0;0;0.0001;2;2;0;0;76;0;0;46757758;0;0;0;0.0001;0.871;58.009;0;1.98;0;0.004;0.004;1;46757712;0;0;0;0;0;0;0;0;0;46757000;37.34961642;-121.93067399;-7.07107544;0.00000000;0.00000000;3.79009247;3.28092480;
46757873;12.2;27.5;0;0;0;-79;-0.39;0;0;0;0;0;0;0;0;0.0001;2;2;0;0;76;0;0;46757826;0;0;0;0.0001;0.848;56.533;0;-0.14;0;0.004;0.004;1;46757836;0;0;0;0;0;0;0;0;0;46757000;37.34961642;-121.93067399;-7.07107544;0.00000000;0.00000000;3.79009247;3.28092480;
46757956;12.2;27.5;0;0;0;-91.3;-0.31;0;0;0;0;0.001;0;0;0;0.0001;2;2;0;0;76;0;0;46757888;0;0;0;0.0001;0.832;55.431;0;-0.2;0;0.004;0.004;1;46757905;0;0;0;0;0;0;0;0;0;46757000;37.34961642;-121.93067399;-7.07107544;0.00000000;0.00000000;3.79009247;3.28092480;
46758025;12.1;27.4;0;0;0;-59.4;-0.36;0;0;0;0;0;0;0;0;0.0001;2;2;0;0;76;0;0;46757956;0;0;0;0.0001;0.843;56.165;0;0.22;0;0.004;0.004;1;46757905;0;0;0;0;0;0;0;0;0;46757000;37.34961642;-121.93067399;-7.07107544;0.00000000;0.00000000;3.79009247;3.28092480;
46758106;12.2;27.5;0;0;0;-82.1;-0.37;0;0;0;0;0.001;0;0;0;0.0001;2;2;0;0;76;0;0;46758041;0;0;0;0.0001;0.837;55.798;0;1.45;0;0.004;0.004;1;46758072;0;0;0;0;0;0;0;0;0;46757000;37.34961642;-121.93067399;-7.07107544;0.00000000;0.00000000;3.79009247;3.28092480;
46758191;12.3;27.5;0;0;0;-69.6;-0.39;0;0;0;0;0;0;0;0;0.0001;2;2;0;0;76;0;0;46758143;0;0;0;0.0001;0.848;56.533;0;-1.54;0;0.004;0.004;1;46758163;0;0;0;0;0;0;0;0;0;46757000;37.34961642;-121.93067399;-7.07107544;0.00000000;0.00000000;3.79009247;3.28092480;
46758260;12.4;27.3;0;0;0;-57.1;-0.3;0;0;0;0;0.001;0;0;0;0.0001;2;2;0;0;76;0;0;46758222;0;0;0;0.0001;0.887;59.121;0;-0.88;0;0.004;0.004;1;46758163;0;0;0;0;0;0;0;0;0;46757000;37.34961642;-121.93067399;-7.07107544;0.00000000;0.00000000;3.79009247;3.28092480;
46758340;12.2;27.3;0;0;0;-57.5;-0.35;0;0;0;0;0;0;0;0;0.0001;2;2;0;0;76;0;0;46758312;0;0;0;0.0001;0.865;57.639;0;-0.11;0;0.004;0.004;1;46758286;0;0;0;0;0;0;0;0;0;46757000;37.34961642;-121.93067399;-7.07107544;0.00000000;0.00000000;3.79009247;3.28092480;
46758409;12.1;27.4;0;0;0;-65.8;-0.47;0;0;0;0;0.001;0;0;0;0.0001;2;2;0;0;76;0;0;46758312;0;0;0;0.0001;0.865;57.639;0;-0.11;0;0.004;0.004;1;46758374;0;0;0;0;0;0;0;0;0;46757000;37.34961642;-121.93067399;-7.07107544;0.00000000;0.00000000;3.79009247;3.28092480;
46758496;12.3;27.3;0;0;0;-58.6;-0.37;0;0;0;0;0.001;0;0;0;0.0001;2;2;0;0;76;0;0;46758440;0;0;0;0.0001;0.915;60.982;0;1.09;0;0.004;0.004;1;46758457;0;0;0;0;0;0;0;0;0;46757000;37.34961642;-121.93067399;-7.07107544;0.00000000;0.00000000;3.79009247;3.28092480;
46758567;12.1;27.5;0;0;0;-68.9;-0.43;0;0;0;0;0.001;0;0;0;0.0001;2;2;0;0;76;0;0;46758523;0;0;0;0.0001;0.932;62.105;0;0.28;0;0.004;0.004;1;46758457;0;0;0;0;0;0;0;0;0;46757000;37.34961642;-121.93067399;-7.07107544;0.00000000;0.00000000;3.79009247;3.28092480;
46758676;12.4;27.5;0;0;0;-81.8;-0.41;0;0;0;0;0.001;0;0;0;0.0001;2;2;0;0;76;0;0;46758643;0;0;0;0.0001;0.832;55.431;0;-0.31;0;0.004;0.004;1;46758606;0;0;0;0;0;0;0;0;0;46757000;37.34961642;-121.93067399;-7.07107544;0.00000000;0.00000000;3.79009247;3.28092480;
46758759;12.2;27.6;0;0;0;-74.6;-0.34;0;0;0;0;0.001;0;0;0;0.0001;2;2;0;0;76;0;0;46758727;0;0;0;0.0001;0.837;55.798;0;-1.11;0;0.004;0.004;1;46758710;0;0;0;0;0;0;0;0;0;46758000;37.34961924;-121.93067006;-7.21286011;0.00000000;0.00000000;3.79009247;3.19662237;
46758879;12.1;27.5;0;0;0;-93.9;-0.37;0;0;0;0;0.001;0;0;0;0.0001;2;2;0;0;76;0;0;46758794;0;0;0;0.0001;0.848;56.533;0;-0.51;0;0.004;0.004;1;46758825;0;0;0;0;0;0;0;0;0;46758000;37.34961924;-121.93067006;-7.21286011;0.00000000;0.00000000;3.79009247;3.19662237;
46758946;12.1;27.4;0;0;0;-77.5;-0.37;0;0;0;0;0.001;0;0;0;0.0001;2;2;0;0;76;0;0;46758909;0;0;0;0.0001;0.865;57.639;0;1.28;0;0.004;0.004;1;46758910;0;0;0;0;0;0;0;0;0;46758000;37.34961924;-121.93067006;-7.21286011;0.00000000;0.00000000;3.79009247;3.19662237;
46759013;12.2;27.5;0;0;0;-88.4;-0.4;0;0;0;0;0.001;0;0;0;0.0001;2;2;0;0;76;0;0;46758909;0;0;0;0.0001;0.865;57.639;0;1.28;0;0.004;0.004;1;46758910;0;0;0;0;0;0;0;0;0;46758000;37.34961924;-121.93067006;-7.21286011;0.00000000;0.00000000;3.79009247;3.19662237;
46759093;12.1;27.7;0;0;0;-66.2;-0.44;0;0;0;0;0.001;0;0;0;0.0001;2;2;0;0;76;0;0;46759014;0;0;0;0.0001;0.882;58.749;0;0.35;0;0.004;0.004;1;46759027;0;0;0;0;0;0;0;0;0;46758989;37.34961950;-121.93064420;-9.39999962;0.00000000;0.00000000;18.12800026;3.30000019;
46759146;12.3;27.4;0;0;0;-60.2;-0.41;0;0;0;0;0.001;0;0;0;0.0001;2;2;0;0;76;0;0;46759093;0;0;0;0.0001;0.859;57.27;0;1.42;0;0.004;0.004;1;46759124;0;0;0;0;0;0;0;0;0;46758989;37.34961950;-121.93064420;-9.39999962;0.00000000;0.00000000;18.12800026;3.30000019;
46759211;12.3;27.5;0;0;0;-85.7;-0.36;0;0;0;0;0.001;0;0;0;0.0001;2;2;0;0;76;0;0;46759181;0;0;0;0.0001;0.898;59.864;0;1.53;0;0.004;0.004;1;46759181;0;0;0;0;0;0;0;0;0;46758989;37.34961950;-121.93064420;-9.39999962;0.00000000;0.00000000;18.12800026;3.30000019;
46759279;12.4;27.6;0;0;0;-94.6;-0.41;0;0;0;0;0;0;0;0;0.0001;2;2;0;0;76;0;0;46759181;0;0;0;0.0001;0.898;59.864;0;1.53;0;0.004;0.004;1;46759181;0;0;0;0;0;0;0;0;0;46758989;37.34961950;-121.93064420;-9.39999962;0.00000000;0.00000000;18.12800026;3.30000019;
46759356;12.3;27.6;0;0;0;-99.3;-0.43;0;0;0;0;0.001;0;0;0;0.0001;2;2;0;0;76;0;0;46759279;0;0;0;0.0001;0.843;56.165;0;0.46;0;0.004;0.004;1;46759312;0;0;0;0;0;0;0;0;0;46758989;37.34961950;-121.93064420;-9.39999962;0.00000000;0.00000000;18.12800026;3.30000019;
46759427;12.3;27.7;0;0;0;-65.8;-0.32;0;0;0;0;0;0;0;0;0.0001;2;2;0;0;76;0;0;46759370;0;0;0;0.0001;0.91;60.609;0;-0.75;0;0.004;0.004;1;46759387;0;0;0;0;0;0;0;0;0;46758989;37.34961950;-121.93064420;-9.39999962;0.00000000;0.00000000;18.12800026;3.30000019;
46759499;12.4;27.4;0;0;0;-60.2;-0.33;0;0;0;0;0.001;0;0;0;0.0001;2;2;0;0;76;0;0;46759462;0;0;0;0.0001;0.871;58.009;0;1.21;0;0.004;0.004;1;46759462;0;0;0;0;0;0;0;0;0;46758989;37.34961950;-121.93064420;-9.39999962;0.00000000;0.00000000;18.12800026;3.30000019;
46759578;12.3;27.3;0;0;0;-57.7;-0.38;0;0;0;0;0;0;0;0;0.0001;2;2;0;0;76;0;0;46759462;0;0;0;0.0001;0.871;58.009;0;1.21;0;0.004;0.004;1;46759462;0;0;0;0;0;0;0;0;0;46758989;37.34961950;-121.93064420;-9.39999962;0.00000000;0.00000000;18.12800026;3.30000019;
46759658;12.3;27.5;0;0;0;-59.6;-0.22;0;0;0;0;0;0;0;0;0.0001;2;2;0;0;76;0;0;46759578;0;0;0;0.0001;0.859;57.27;0;1.11;0;0.004;0.004;1;46759613;0;0;0;0;0;0;0;0;0;46758989;37.34961950;-121.93064420;-9.39999962;0.00000000;0.00000000;18.12800026;3.30000019;
46759720;12.2;27.4;0;0;0;-61.1;-0.34;0;0;0;0;0;0;0;0;0.0001;2;2;0;0;76;0;0;46759677;0;0;0;0.0001;0.882;58.749;0;0.96;0;0.004;0.004;1;46759613;0;0;0;0;0;0;0;0;0;46758989;37.34961950;-121.93064420;-9.39999962;0.00000000;0.00000000;18.12800026;3.30000019;
46759779;12.2;27.4;0;0;0;-59.7;-0.24;0;0;0;0;0.001;0;0;0;0.0001;2;2;0;0;76;0;0;46759778;0;0;0;0.0001;0.898;59.864;0;-0.71;0;0.004;0.004;1;46759763;0;0;0;0;0;0;0;0;0;46759000;37.34962024;-121.93066816;-7.18481445;0.00000000;0.00000000;3.79009247;3.08903933;
46759849;12.3;27.3;0;0;0;-57.1;-0.37;0;0;0;0;0;0;0;0;0.0001;2;2;0;0;76;0;0;46759778;0;0;0;0.0001;0.898;59.864;0;-0.71;0;0.004;0.004;1;46759763;0;0;0;0;0;0;0;0;0;46759000;37.34962024;-121.93066816;-7.18481445;0.00000000;0.00000000;3.79009247;3.08903933;
46759909;12.3;27.4;0;0;0;-59.3;-0.28;0;0;0;0;0;0;0;0;0.0001;2;2;0;0;76;0;0;46759850;0;0;0;0.0001;0.91;60.609;0;1.07;0;0.004;0.004;1;46759868;0;0;0;0;0;0;0;0;0;46759000;37.34962024;-121.93066816;-7.18481445;0.00000000;0.00000000;3.79009247;3.08903933;
46759999;12.2;27.3;0;0;0;-57.3;-0.3;0;0;0;0;0.001;0;0;0;0.0001;2;2;0;0;76;0;0;46759932;0;0;0;0.0001;0.854;56.901;0;-0.38;0;0.004;0.004;1;46759932;0;0;0;0;0;0;0;0;0;46759000;37.34962024;-121.93066816;-7.18481445;0.00000000;0.00000000;3.79009247;3.08903933;
46760088;12.4;27.4;0;0;0;-58;-0.37;0;0;0;0;0;0;0;0;0.0001;2;2;0;0;76;0;0;46759999;0;0;0;0.0001;0.949;63.232;0;-0.13;0;0.004;0.004;1;46760029;0;0;0;0;0;0;0;0;0;46759000;37.34962024;-121.93066816;-7.18481445;0.00000000;0.00000000;3.79009247;3.08903933;
46760147;12.1;27.4;0;0;0;-62.5;-0.21;0;0;0;0;0.001;0;0;0;0.0001;2;2;0;0;76;0;0;46760112;0;0;0;0.0001;0.943;62.856;0;0.21;0;0.004;0.004;1;46760112;0;0;0;0;0;0;0;0;0;46759000;37.34962024;-121.93066816;-7.18481445;0.00000000;0.00000000;3.79009247;3.08903933;
46760216;12.1;27.3;0;0;0;-57.5;-0.36;0;0;0;0;0.001;0;0;0;0.0001;2;2;0;0;76;0;0;46760182;0;0;0;0.0001;0.832;55.431;0;-1.8;0;0.004;0.004;1;46760182;0;0;0;0;0;0;0;0;0;46759000;37.34962024;-121.93066816;-7.18481445;0.00000000;0.00000000;3.79009247;3.08903933;
46760270;12.2;27.5;0;0;0;-63.3;-0.36;0;0;0;0;0.001;0;0;0;0.0001;2;2;0;0;76;0;0;46760182;0;0;0;0.0001;0.832;55.431;0;-1.8;0;0.004;0.004;1;46760182;0;0;0;0;0;0;0;0;0;46759000;37.34962024;-121.93066816;-7.18481445;0.00000000;0.00000000;3.79009247;3.08903933;
46760331;12.3;27.3;0;0;0;-58.2;-0.36;0;0;0;0;0;0;0;0;0.0001;2;2;0;0;76;0;0;46760285;0;0;0;0.0001;0.921;61.356;0;-1.58;0;0.004;0.004;1;46760296;0;0;0;0;0;0;0;0;0;46759000;37.34962024;-121.93066816;-7.18481445;0.00000000;0.00000000;3.79009247;3.08903933;
46760417;12.2;27.4;0;0;0;-60.3;-0.37;0;0;0;0;0.001;0;0;0;0.0001;2;2;0;0;76;0;0;46760384;0;0;0;0.0001;0.926;61.73;0;1.54;0;0.004;0.004;1;46760384;0;0;0;0;0;0;0;0;0;46759000;37.34962024;-121.93066816;-7.18481445;0.00000000;0.00000000;3.79009247;3.08903933;
46760472;12.1;27.3;0;0;0;-58.2;-0.35;0;0;0;0;0;0;0;0;0.0001;2;2;0;0;76;0;0;46760384;0;0;0;0.0001;0.926;61.73;0;1.54;0;0.004;0.004;1;46760384;0;0;0;0;0;0;0;0;0;46759000;37.34962024;-121.93066816;-7.18481445;0.00000000;0.00000000;3.79009247;3.08903933;
46760545;12.4;27.4;0;0;0;-60.1;-0.4;0;0;0;0;0.001;0;0;0;0.0001;2;2;0;0;76;0;0;46760472;0;0;0;0.0001;0.859;57.27;0;-0.21;0;0.004;0.004;1;46760499;0;0;0;0;0;0;0;0;0;46759000;37.34962024;-121.93066816;-7.18481445;0.00000000;0.00000000;3.79009247;3.08903933;
46760623;12.2;27.3;0;0;0;-57.9;-0.38;0;0;0;0;0.001;0;0;0;0.0001;2;2;0;0;76;0;0;46760546;0;0;0;0.0001;0.876;58.379;0;-0.95;0;0.004;0.004;1;46760561;0;0;0;0;0;0;0;0;0;46759000;37.34962024;-121.93066816;-7.18481445;0.00000000;0.00000000;3.79009247;3.08903933;
46760680;12.1;27.4;0;0;0;-58.6;-0.46;0;0;0;0;0.001;0;0;0;0.0001;2;2;0;0;76;0;0;46760623;0;0;0;0.0001;0.871;58.009;0;-0.93;0;0.004;0.004;1;46760655;0;0;0;0;0;0;0;0;0;46759000;37.34962024;-121.93066816;-7.18481445;0.00000000;0.00000000;3.79009247;3.08903933;
46760766;12.4;27.3;0;0;0;-57.8;-0.39;0;0;0;0;0;0;0;0;0.0001;2;2;0;0;76;0;0;46760708;0;0;0;0.0001;0.926;61.73;0;-0.69;0;0.004;0.004;1;46760718;0;0;0;0;0;0;0;0;0;46760000;37.34962006;-121.93066959;-7.13153076;0.00000000;0.00000000;3.79009247;3.07356024;
46760872;12.2;27.4;0;0;0;-60.4;-0.35;0;0;0;0;0.001;0;0;0;0.0001;2;2;0;0;76;0;0;46760801;0;0;0;0.0001;0.843;56.165;0;-1.37;0;0.004;0.004;1;46760835;0;0;0;0;0;0;0;0;0;46760000;37.34962006;-121.93066959;-7.13153076;0.00000000;0.00000000;3.79009247;3.07356024;
46760948;12.2;27.4;0;0;0;-59.4;-0.33;0;0;0;0;0.001;0;0;0;0.0001;2;2;0;0;76;0;0;46760886;0;0;0;0.0001;0.904;60.236;0;1.63;0;0.004;0.004;1;46760900;0;0;0;0;0;0;0;0;0;46760000;37.34962006;-121.93066959;-7.13153076;0.00000000;0.00000000;3.79009247;3.07356024;
46761017;12.3;27.3;0;0;0;-57.5;-0.34;0;0;0;0;0;0;0;0;0.0001;2;2;0;0;76;0;0;46760964;0;0;0;0.0001;0.882;58.749;0;-0.34;0;0.004;0.004;1;46760984;0;0;0;0;0;0;0;0;0;46760000;37.34962006;-121.93066959;-7.13153076;0.00000000;0.00000000;3.79009247;3.07356024;
46761101;12.2;27.4;0;0;0;-58.2;-0.33;0;0;0;0;0.001;0;0;0;0.0001;2;2;0;0;76;0;0;46761052;0;0;0;0.0001;0.859;57.27;0;-1.38;0;0.004;0.004;1;46761052;0;0;0;0;0;0;0;0;0;46760000;37.34962006;-121.93066959;-7.13153076;0.00000000;0.00000000;3.79009247;3.07356024;
46761169;12.2;27.5;0;0;0;-80.9;-0.23;0;0;0;0;0.001;0;0;0;0.0001;2;2;0;0;76;0;0;46761133;0;0;0;0.0001;0.882;58.749;0;-0.33;0;0.004;0.004;1;46761134;0;0;0;0;0;0;0;0;0;46760000;37.34962006;-121.93066959;-7.13153076;0.00000000;0.00000000;3.79009247;3.07356024;
46761250;12.1;27.3;0;0;0;-57.9;-0.38;0;0;0;0;0.001;0;0;0;0.0001;2;2;0;0;76;0;0;46761192;0;0;0;0.0001;0.843;56.165;0;0.08;0;0.004;0.004;1;46761192;0;0;0;0;0;0;0;0;0;46760000;37.34962006;-121.93066959;-7.13153076;0.00000000;0.00000000;3.79009247;3.07356024;
46761309;12.1;27.4;0;0;0;-58.4;-0.31;0;0;0;0;0.001;0;0;0;0.0001;2;2;0;0;76;0;0;46761251;0;0;0;0.0001;0.876;58.379;0;-1.61;0;0.004;0.004;1;46761286;0;0;0;0;0;0;0;0;0;46760000;37.34962006;-121.93066959;-7.13153076;0.00000000;0.00000000;3.79009247;3.07356024;
46761403;12.2;27.4;0;0;0;-57.9;-0.33;0;0;0;0;0.001;0;0;0;0.0001;2;2;0;0;76;0;0;46761321;0;0;0;0.0001;0.904;60.236;0;1.63;0;0.004;0.004;1;46761368;0;0;0;0;0;0;0;0;0;46760000;37.34962006;-121.93066959;-7.13153076;0.00000000;0.00000000;3.79009247;3.07356024;
46761497;12.3;27.4;0;0;0;-59.3;-0.34;0;0;0;0;0.001;0;0;0;0.0001;2;2;0;0;76;0;0;46761436;0;0;0;0.0001;0.837;55.798;0;-0.67;0;0.004;0.004;1;46761436;0;0;0;0;0;0;0;0;0;46760000;37.34962006;-121.93066959;-7.13153076;0.00000000;0.00000000;3.79009247;3.07356024;
46761556;12.3;27.3;0;0;0;-57.5;-0.29;0;0;0;0;0;0;0;0;0.0001;2;2;0;0;76;0;0;46761497;0;0;0;0.0001;0.926;61.73;0;-0.81;0;0.004;0.004;1;46761522;0;0;0;0;0;0;0;0;0;46760000;37.34962006;-121.93066959;-7.13153076;0.00000000;0.00000000;3.79009247;3.07356024;
46761638;12.2;27.4;0;0;0;-59.5;-0.39;0;0;0;0;0;0;0;0;0.0001;2;2;0;0;76;0;0;46761587;0;0;0;0.0001;0.848;56.533;0;-1.36;0;0.004;0.004;1;46761587;0;0;0;0;0;0;0;0;0;46760000;37.34962006;-121.93066959;-7.13153076;0.00000000;0.00000000;3.79009247;3.07356024;
46761738;12.2;27.4;0;0;0;-58;-0.41;0;0;0;0;0;0;0;0;0.0001;2;2;0;0;76;0;0;46761669;0;0;0;0.0001;0.882;58.749;0;1.46;0;0.004;0.004;1;46761669;0;0;0;0;0;0;0;0;0;46760000;37.34962006;-121.93066959;-7.13153076;0.00000000;0.00000000;3.79009247;3.07356024;
46761818;12.2;27.4;0;0;0;-59.8;-0.29;0;0;0;0;0;0;0;0;0.0001;2;2;0;0;76;0;0;46761739;0;0;0;0.0001;0.826;55.064;0;1.18;0;0.004;0.004;1;46761769;0;0;0;0;0;0;0;0;0;46761000;37.34961926;-121.93067013;-7.33184814;0.00000000;0.00000000;3.79009247;2.99054360;
46761887;12.2;27.3;0;0;0;-58.5;-0.19;0;0;0;0;0;0;0;0;0.0001;2;2;0;0;76;0;0;46761851;0;0;0;0.0001;0.882;58.749;0;1.19;0;0.004;0.004;1;46761852;0;0;0;0;0;0;0;0;0;46761000;37.34961926;-121.93067013;-7.33184814;0.00000000;0.00000000;3.79009247;2.99054360;
46761977;12.3;27.4;0;0;0;-59.5;-0.33;0;0;0;0;0.001;0;0;0;0.0001;2;2;0;0;76;0;0;46761921;0;0;0;0.0001;0.837;55.798;0;-0.44;0;0.004;0.004;1;46761956;0;0;0;0;0;0;0;0;0;46761000;37.34961926;-121.93067013;-7.33184814;0.00000000;0.00000000;3.79009247;2.99054360;
46762039;12.1;27.3;0;0;0;-57.8;-0.2;0;0;0;0;0;0;0;0;0.0001;2;2;0;0;76;0;0;46761977;0;0;0;0.0001;0.859;57.27;0;-1.72;0;0.004;0.004;1;46761956;0;0;0;0;0;0;0;0;0;46761000;37.34961926;-121.93067013;-7.33184814;0.00000000;0.00000000;3.79009247;2.99054360;
46762126;12.1;27.5;0;0;0;-60;-0.21;0;0;0;0;0;0;0;0;0.0001;2;2;0;0;76;0;0;46762040;0;0;0;0.0001;0.859;57.27;0;2.4;0;0.004;0.004;1;46762074;0;0;0;0;0;0;0;0;0;46761000;37.34961926;-121.93067013;-7.33184814;0.00000000;0.00000000;3.79009247;2.99054360;
46762190;12.3;27.3;0;0;0;-58.1;-0.3;0;0;0;0;0;0;0;0;0.0001;2;2;0;0;76;0;0;46762126;0;0;0;0.0001;0.943;62.856;0;1.16;0;0.004;0.004;1;46762154;0;0;0;0;0;0;0;0;0;46761000;37.34961926;-121.93067013;-7.33184814;0.00000000;0.00000000;3.79009247;2.99054360;
46762282;12.1;27.4;0;0;0;-59.1;-0.21;0;0;0;0;0;0;0;0;0.0001;2;2;0;0;76;0;0;46762206;0;0;0;0.0001;0.843;56.165;0;-1.17;0;0.004;0.004;1;46762221;0;0;0;0;0;0;0;0;0;46761000;37.34961926;-121.93067013;-7.33184814;0.00000000;0.00000000;3.79009247;2.99054360;
46762338;12.2;27.3;0;0;0;-57.5;-0.4;0;0;0;0;0;0;0;0;0.0001;2;2;0;0;76;0;0;46762297;0;0;0;0.0001;0.854;56.901;0;2.17;0;0.004;0.004;1;46762337;0;0;0;0;0;0;0;0;0;46761000;37.34961926;-121.93067013;-7.33184814;0.00000000;0.00000000;3.79009247;2.99054360;
46762450;12.1;27.4;0;0;0;-59.1;-0.25;0;0;0;0;0;0;0;0;0.0001;2;2;0;0;76;0;0;46762358;0;0;0;0.0001;0.848;56.533;0;-0.19;0;0.004;0.004;1;46762337;0;0;0;0;0;0;0;0;0;46761000;37.34961926;-121.93067013;-7.33184814;0.00000000;0.00000000;3.79009247;2.99054360;
46762543;12.2;27.4;0;0;0;-60;-0.33;0;0;0;0;0;0;0;0;0.0001;2;2;0;0;76;0;0;46762451;0;0;0;0.0001;0.848;56.533;0;-1.22;0;0.004;0.004;1;46762486;0;0;0;0;0;0;0;0;0;46761000;37.34961926;-121.93067013;-7.33184814;0.00000000;0.00000000;3.79009247;2.99054360;
46762629;12.1;27.3;0;0;0;-58.4;-0.3;0;0;0;0;0.001;0;0;0;0.0001;2;2;0;0;76;0;0;46762573;0;0;0;0.0001;0.898;59.864;0;0.08;0;0.004;0.004;1;46762573;0;0;0;0;0;0;0;0;0;46761000;37.34961926;-121.93067013;-7.33184814;0.00000000;0.00000000;3.79009247;2.99054360;
46762700;12.1;27.4;0;0;0;-58.9;-0.15;0;0;0;0;0;0;0;0;0.0001;2;2;0;0;76;0;0;46762631;0;0;0;0.0001;0.876;58.379;0;1.59;0;0.004;0.004;1;46762658;0;0;0;0;0;0;0;0;0;46761000;37.34961926;-121.93067013;-7.33184814;0.00000000;0.00000000;3.79009247;2.99054360;
46762790;12.1;27.3;0;0;0;-57.9;-0.29;0;0;0;0;0;0;0;0;0.0001;2;2;0;0;76;0;0;46762722;0;0;0;0.0001;0.898;59.864;0;1.17;0;0.004;0.004;1;46762755;0;0;0;0;0;0;0;0;0;46762000;37.34962332;-121.93067000;-7.25863647;0.00000000;0.00000000;3.79009247;3.01307893;
46762877;12.4;27.5;0;0;0;-61.3;-0.36;0;0;0;0;0.001;0;0;0;0.0001;2;2;0;0;76;0;0;46762807;0;0;0;0.0001;0.887;59.121;0;0.94;0;0.004;0.004;1;46762824;0;0;0;0;0;0;0;0;0;46762000;37.34962332;-121.93067000;-7.25863647;0.00000000;0.00000000;3.79009247;3.01307893;
46762941;12.3;27.4;0;0;0;-59.6;-0.32;0;0;0;0;0.001;0;0;0;0.0001;2;2;0;0;76;0;0;46762877;0;0;0;0.0001;0.859;57.27;0;0.6;0;0.004;0.004;1;46762824;0;0;0;0;0;0;0;0;0;46762000;37.34962332;-121.93067000;-7.25863647;0.00000000;0.00000000;3.79009247;3.01307893;
46763024;12.2;27.5;0;0;0;-59.7;-0.22;0;0;0;0;0.001;0;0;0;0.0001;2;2;0;0;76;0;0;46762941;0;0;0;0.0001;0.865;57.639;0;-1.66;0;0.004;0.004;1;46762959;0;0;0;0;0;0;0;0;0;46762000;37.34962332;-121.93067000;-7.25863647;0.00000000;0.00000000;3.79009247;3.01307893;
46763090;12.2;27.3;0;0;0;-57.5;-0.37;0;0;0;0;0;0;0;0;0.0001;2;2;0;0;76;0;0;46763024;0;0;0;0.0001;0.921;61.356;0;1.88;0;0.004;0.004;1;46763057;0;0;0;0;0;0;0;0;0;46762000;37.34962332;-121.93067000;-7.25863647;0.00000000;0.00000000;3.79009247;3.01307893;
46763174;12.2;27.4;0;0;0;-58.5;-0.17;0;0;0;0;0.001;0;0;0;0.0001;2;2;0;0;76;0;0;46763106;0;0;0;0.0001;0.893;59.492;0;-0.65;0;0.004;0.004;1;46763123;0;0;0;0;0;0;0;0;0;46762000;37.34962332;-121.93067000;-7.25863647;0.00000000;0.00000000;3.79009247;3.01307893;
46763247;12.1;27.3;0;0;0;-57.4;-0.38;0;0;0;0;0;0;0;0;0.0001;2;2;0;0;76;0;0;46763175;0;0;0;0.0001;0.837;55.798;0;-0.48;0;0.004;0.004;1;46763209;0;0;0;0;0;0;0;0;0;46762000;37.34962332;-121.93067000;-7.25863647;0.00000000;0.00000000;3.79009247;3.01307893;
46763325;12.4;27.4;0;0;0;-59.1;-0.2;0;0;0;0;0;0;0;0;0.0001;2;2;0;0;76;0;0;46763248;0;0;0;0.0001;0.949;63.232;0;0.79;0;0.004;0.004;1;46763209;0;0;0;0;0;0;0;0;0;46762000;37.34962332;-121.93067000;-7.25863647;0.00000000;0.00000000;3.79009247;3.01307893;
46763383;12.1;27.4;0;0;0;-58.1;-0.36;0;0;0;0;0.001;0;0;0;0.0001;2;2;0;0;76;0;0;46763325;0;0;0;0.0001;0.876;58.379;0;1.09;0;0.004;0.004;1;46763367;0;0;0;0;0;0;0;0;0;46762000;37.34962332;-121.93067000;-7.25863647;0.00000000;0.00000000;3.79009247;3.01307893;
46763446;12.3;27.3;0;0;0;-57.4;-0.37;0;0;0;0;0.001;0;0;0;0.0001;2;2;0;0;76;0;0;46763384;0;0;0;0.0001;0.898;59.864;0;2.07;0;0.004;0.004;1;46763367;0;0;0;0;0;0;0;0;0;46762000;37.34962332;-121.93067000;-7.25863647;0.00000000;0.00000000;3.79009247;3.01307893;
46763560;12.3;27.3;0;0;0;-58.6;-0.25;0;0;0;0;0;0;0;0;0.0001;2;2;0;0;76;0;0;46763446;0;0;0;0.0001;0.865;57.639;0;-0.5;0;0.004;0.004;1;46763475;0;0;0;0;0;0;0;0;0;46762000;37.34962332;-121.93067000;-7.25863647;0.00000000;0.00000000;3.79009247;3.01307893;
46763630;12.2;27.4;0;0;0;-58.9;-0.34;0;0;0;0;0.001;0;0;0;0.0001;2;2;0;0;76;0;0;46763561;0;0;0;0.0001;0.904;60.236;0;2.07;0;0.004;0.004;1;46763592;0;0;0;0;0;0;0;0;0;46762000;37.34962332;-121.93067000;-7.25863647;0.00000000;0.00000000;3.79009247;3.01307893;
46763677;12.4;27.3;0;0;0;-58.1;-0.25;0;0;0;0;0;0;0;0;0.0001;2;2;0;0;76;0;0;46763630;0;0;0;0.0001;0.938;62.48;0;-0.35;0;0.004;0.004;1;46763592;0;0;0;0;0;0;0;0;0;46762000;37.34962332;-121.93067000;-7.25863647;0.00000000;0.00000000;3.79009247;3.01307893;
46763794;12.2;27.4;0;0;0;-58;-0.29;0;0;0;0;0.001;0;0;0;0.0001;2;2;0;0;76;0;0;46763694;0;0;0;0.0001;0.893;59.492;0;2.21;0;0.004;0.004;1;46763710;0;0;0;0;0;0;0;0;0;46763000;37.34962482;-121.93067221;-7.20297241;0.00000000;0.00000000;3.79009247;2.94343042;
46763895;12.4;27.3;0;0;0;-57.6;-0.31;0;0;0;0;0.001;0;0;0;0.0001;2;2;0;0;76;0;0;46763811;0;0;0;0.0001;0.915;60.982;0;0.17;0;0.004;0.004;1;46763826;0;0;0;0;0;0;0;0;0;46763000;37.34962482;-121.93067221;-7.20297241;0.00000000;0.00000000;3.79009247;2.94343042;
46763978;12.1;27.4;0;0;0;-59.6;-0.37;0;0;0;0;0.001;0;0;0;0.0001;2;2;0;0;76;0;0;46763896;0;0;0;0.0001;0.932;62.105;0;1.79;0;0.004;0.004;1;46763927;0;0;0;0;0;0;0;0;0;46763000;37.34962482;-121.93067221;-7.20297241;0.00000000;0.00000000;3.79009247;2.94343042;
46764046;12.2;27.3;0;0;0;-58.3;-0.25;0;0;0;0;0;0;0;0;0.0001;2;2;0;0;76;0;0;46763980;0;0;0;0.0001;0.898;59.864;0;0.81;0;0.004;0.004;1;46764011;0;0;0;0;0;0;0;0;0;46763000;37.34962482;-121.93067221;-7.20297241;0.00000000;0.00000000;3.79009247;2.94343042;
46764128;12.1;27.4;0;0;0;-59.4;-0.31;0;0;0;0;0.001;0;0;0;0.0001;2;2;0;0;76;0;0;46764113;0;0;0;0.0001;0.91;60.609;0;1.76;0;0.004;0.004;1;46764113;0;0;0;0;0;0;0;0;0;46763000;37.34962482;-121.93067221;-7.20297241;0.00000000;0.00000000;3.79009247;2.94343042;
46764229;12.1;27.4;0;0;0;-59.2;-0.33;0;0;0;0;0;0;0;0;0.0001;2;2;0;0;76;0;0;46764161;0;0;0;0.0001;0.859;57.27;0;-0.58;0;0.004;0.004;1;46764161;0;0;0;0;0;0;0;0;0;46763000;37.34962482;-121.93067221;-7.20297241;0.00000000;0.00000000;3.79009247;2.94343042;
46764313;12.3;27.3;0;0;0;-58;-0.33;0;0;0;0;0.001;0;0;0;0.0001;2;2;0;0;76;0;0;46764230;0;0;0;0.0001;0.876;58.379;0;-1.44;0;0.004;0.004;1;46764266;0;0;0;0;0;0;0;0;0;46763000;37.34962482;-121.93067221;-7.20297241;0.00000000;0.00000000;3.79009247;2.94343042;
46764380;12.4;27.4;0;0;0;-58.4;-0.25;0;0;0;0;0.001;0;0;0;0.0001;2;2;0;0;76;0;0;46764345;0;0;0;0.0001;0.859;57.27;0;-0.76;0;0.004;0.004;1;46764379;0;0;0;0;0;0;0;0;0;46763000;37.34962482;-121.93067221;-7.20297241;0.00000000;0.00000000;3.79009247;2.94343042;
46764429;12.1;27.4;0;0;0;-58.6;-0.23;0;0;0;0;0.001;0;0;0;0.0001;2;2;0;0;76;0;0;46764345;0;0;0;0.0001;0.859;57.27;0;-0.76;0;0.004;0.004;1;46764379;0;0;0;0;0;0;0;0;0;46763000;37.34962482;-121.93067221;-7.20297241;0.00000000;0.00000000;3.79009247;2.94343042;
46764512;12.1;27.4;0;0;0;-60.9;-0.31;0;0;0;0;0.001;0;0;0;0.0001;2;2;0;0;76;0;0;46764430;0;0;0;0.0001;0.893;59.492;0;1.12;0;0.004;0.004;1;46764461;0;0;0;0;0;0;0;0;0;46763000;37.34962482;-121.93067221;-7.20297241;0.00000000;0.00000000;3.79009247;2.94343042;
46764644;12.2;27.3;0;0;0;-57.3;-0.35;0;0;0;0;0.001;0;0;0;0.0001;2;2;0;0;76;0;0;46764548;0;0;0;0.0001;0.832;55.431;0;-0.07;0;0.004;0.004;1;46764548;0;0;0;0;0;0;0;0;0;46763000;37.34962482;-121.93067221;-7.20297241;0.00000000;0.00000000;3.79009247;2.94343042;
46764711;12.1;27.5;0;0;0;-80.8;-0.28;0;0;0;0;0.001;0;0;0;0.0001;2;2;0;0;76;0;0;46764644;0;0;0;0.0001;0.865;57.639;0;-0.9;0;0.004;0.004;1;46764678;0;0;0;0;0;0;0;0;0;46763000;37.34962482;-121.93067221;-7.20297241;0.00000000;0.00000000;3.79009247;2.94343042;
46764795;12.4;27.4;0;0;0;-58.8;-0.37;0;0;0;0;0.001;0;0;0;0.0001;2;2;0;0;76;0;0;46764712;0;0;0;0.0001;0.848;56.533;0;-0.86;0;0.004;0.004;1;46764759;0;0;0;0;0;0;0;0;0;46764000;37.34962560;-121.93067640;-7.55053711;0.00000000;0.00000000;3.79009247;2.78116226;
46764861;12.1;27.3;0;0;0;-58.6;-0.26;0;0;0;0;0.001;0;0;0;0.0001;2;2;0;0;76;0;0;46764795;0;0;0;0.0001;0.848;56.533;0;0.58;0;0.004;0.004;1;46764759;0;0;0;0;0;0;0;0;0;46764000;37.34962560;-121.93067640;-7.55053711;0.00000000;0.00000000;3.79009247;2.78116226;
46764978;12.2;27.3;0;0;0;-57.5;-0.38;0;0;0;0;0;0;0;0;0.0001;2;2;0;0;76;0;0;46764861;0;0;0;0.0001;0.926;61.73;0;-0.43;0;0.004;0.004;1;46764941;0;0;0;0;0;0;0;0;0;46764000;37.34962560;-121.93067640;-7.55053711;0.00000000;0.00000000;3.79009247;2.78116226;
46765065;12.2;27.3;0;0;0;-57.6;-0.39;0;0;0;0;0.001;0;0;0;0.0001;2;2;0;0;76;0;0;46765000;0;0;0;0.0001;0.826;55.064;0;-1.32;0;0.004;0.004;1;46765000;0;0;0;0;0;0;0;0;0;46764000;37.34962560;-121.93067640;-7.55053711;0.00000000;0.00000000;3.79009247;2.78116226;
46765146;12.1;27.4;0;0;0;-59.7;-0.45;0;0;0;0;0.001;0;0;0;0.0001;2;2;0;0;76;0;0;46765065;0;0;0;0.0001;0.865;57.639;0;0.65;0;0.004;0.004;1;46765100;0;0;0;0;0;0;0;0;0;46764000;37.34962560;-121.93067640;-7.55053711;0.00000000;0.00000000;3.79009247;2.78116226;
46765280;12.2;27.4;0;0;0;-57.9;-0.45;0;0;0;0;0.001;0;0;0;0.0001;2;2;0;0;76;0;0;46765163;0;0;0;0.0001;0.832;55.431;0;-0.53;0;0.004;0.004;1;46765179;0;0;0;0;0;0;0;0;0;46764000;37.34962560;-121.93067640;-7.55053711;0.00000000;0.00000000;3.79009247;2.78116226;
46765363;12.4;27.3;0;0;0;-57.8;-0.44;0;0;0;0;0.001;0;0;0;0.0001;2;2;0;0;76;0;0;46765280;0;0;0;0.0001;0.915;60.982;0;1.04;0;0.004;0.004;1;46765316;0;0;0;0;0;0;0;0;0;46764000;37.34962560;-121.93067640;-7.55053711;0.00000000;0.00000000;3.79009247;2.78116226;
46765435;12.2;27.4;0;0;0;-59.3;-0.43;0;0;0;0;0;0;0;0;0.0001;2;2;0;0;76;0;0;46765399;0;0;0;0.0001;0.837;55.798;0;1.25;0;0.004;0.004;1;46765399;0;0;0;0;0;0;0;0;0;46764000;37.34962560;-121.93067640;-7.55053711;0.00000000;0.00000000;3.79009247;2.78116226;
46765480;12.2;27.3;0;0;0;-57.5;-0.41;0;0;0;0;0;0;0;0;0.0001;2;2;0;0;76;0;0;46765399;0;0;0;0.0001;0.837;55.798;0;1.25;0;0.004;0.004;1;46765399;0;0;0;0;0;0;0;0;0;46764000;37.34962560;-121.93067640;-7.55053711;0.00000000;0.00000000;3.79009247;2.78116226;
46765548;12.2;27.3;0;0;0;-57.7;-0.39;0;0;0;0;0.001;0;0;0;0.0001;2;2;0;0;76;0;0;46765516;0;0;0;0.0001;0.91;60.609;0;1.71;0;0.004;0.004;1;46765516;0;0;0;0;0;0;0;0;0;46764000;37.34962560;-121.93067640;-7.55053711;0.00000000;0.00000000;3.79009247;2.78116226;
46765633;12.4;27.5;0;0;0;-66.7;-0.37;0;0;0;0;0;0;0;0;0.0001;2;2;0;0;76;0;0;46765597;0;0;0;0.0001;0.859;57.27;0;-0.41;0;0.004;0.004;1;46765614;0;0;0;0;0;0;0;0;0;46764000;37.34962560;-121.93067640;-7.55053711;0.00000000;0.00000000;3.79009247;2.78116226;
46765699;12.3;27.5;0;0;0;-89.8;-0.33;0;0;0;0;0.001;0;0;0;0.0001;2;2;0;0;76;0;0;46765597;0;0;0;0.0001;0.859;57.27;0;-0.41;0;0.004;0.004;1;46765614;0;0;0;0;0;0;0;0;0;46764000;37.34962560;-121.93067640;-7.55053711;0.00000000;0.00000000;3.79009247;2.78116226;
46765785;12.4;27.5;0;0;0;-89.9;-0.37;0;0;0;0;0;0;0;0;0.0001;2;2;0;0;76;0;0;46765699;0;0;0;0.0001;0.865;57.639;0;-0.43;0;0.004;0.004;1;46765734;0;0;0;0;0;0;0;0;0;46765000;37.34962980;-121.93066938;-7.73315430;0.00000000;0.00000000;3.79009247;2.72076106;
46765850;12.2;27.5;0;0;0;-82;-0.31;0;0;0;0;0;0;0;0;0.0001;2;2;0;0;76;0;0;46765806;0;0;0;0.0001;0.898;59.864;0;1.48;0;0.004;0.004;1;46765818;0;0;0;0;0;0;0;0;0;46765000;37.34962980;-121.93066938;-7.73315430;0.00000000;0.00000000;3.79009247;2.72076106;
46765936;12.1;27.5;0;0;0;-68.8;-0.27;0;0;0;0;0;0;0;0;0.0001;2;2;0;0;76;0;0;46765868;0;0;0;0.0001;0.893;59.492;0;1.72;0;0.004;0.004;1;46765869;0;0;0;0;0;0;0;0;0;46765000;37.34962980;-121.93066938;-7.73315430;0.00000000;0.00000000;3.79009247;2.72076106;
46766018;12.2;27.6;0;0;0;-103.3;-0.35;0;0;0;0;0;0;0;0;0.0001;2;2;0;0;76;0;0;46765968;0;0;0;0.0001;0.943;62.856;0;-0.05;0;0.004;0.004;1;46765970;0;0;0;0;0;0;0;0;0;46765000;37.34962980;-121.93066938;-7.73315430;0.00000000;0.00000000;3.79009247;2.72076106;
46766087;12.2;27.5;0;0;0;-98;-0.37;0;0;0;0;0.001;0;0;0;0.0001;2;2;0;0;76;0;0;46766035;0;0;0;0.0001;0.826;55.064;0;-1.12;0;0.004;0.004;1;46766049;0;0;0;0;0;0;0;0;0;46765000;37.34962980;-121.93066938;-7.73315430;0.00000000;0.00000000;3.79009247;2.72076106;
46766170;12.3;27.4;0;0;0;-71.3;-0.32;0;0;0;0;0;0;0;0;0.0001;2;2;0;0;76;0;0;46766119;0;0;0;0.0001;0.887;59.121;0;0.84;0;0.004;0.004;1;46766119;0;0;0;0;0;0;0;0;0;46765000;37.34962980;-121.93066938;-7.73315430;0.00000000;0.00000000;3.79009247;2.72076106;
46766228;12.4;27.4;0;0;0;-59.3;-0.3;0;0;0;0;0.001;0;0;0;0.0001;2;2;0;0;76;0;0;46766171;0;0;0;0.0001;0.848;56.533;0;-0.74;0;0.004;0.004;1;46766201;0;0;0;0;0;0;0;0;0;46765000;37.34962980;-121.93066938;-7.73315430;0.00000000;0.00000000;3.79009247;2.72076106;
46766317;12.1;27.4;0;0;0;-65.8;-0.34;0;0;0;0;0.001;0;0;0;0.0001;2;2;0;0;76;0;0;46766247;0;0;0;0.0001;0.871;58.009;0;-0.8;0;0.004;0.004;1;46766293;0;0;0;0;0;0;0;0;0;46765000;37.34962980;-121.93066938;-7.73315430;0.00000000;0.00000000;3.79009247;2.72076106;
46766416;12.2;27.4;0;0;0;-66.9;-0.26;0;0;0;0;0;0;0;0;0.0001;2;2;0;0;76;0;0;46766350;0;0;0;0.0001;0.882;58.749;0;-1.01;0;0.004;0.004;1;46766350;0;0;0;0;0;0;0;0;0;46765000;37.34962980;-121.93066938;-7.73315430;0.00000000;0.00000000;3.79009247;2.72076106;
46766470;12.2;27.4;0;0;0;-60.8;-0.18;0;0;0;0;0.001;0;0;0;0.0001;2;2;0;0;76;0;0;46766417;0;0;0;0.0001;0.904;60.236;0;0.88;0;0.004;0.004;1;46766437;0;0;0;0;0;0;0;0;0;46765000;37.34962980;-121.93066938;-7.73315430;0.00000000;0.00000000;3.79009247;2.72076106;
46766543;12.2;27.4;0;0;0;-58;-0.3;0;0;0;0;0.001;0;0;0;0.0001;2;2;0;0;76;0;0;46766503;0;0;0;0.0001;0.859;57.27;0;1.19;0;0.004;0.004;1;46766503;0;0;0;0;0;0;0;0;0;46765000;37.34962980;-121.93066938;-7.73315430;0.00000000;0.00000000;3.79009247;2.72076106;
46766624;12.2;27.5;0;0;0;-68.4;-0.34;0;0;0;0;0;0;0;0;0.0001;2;2;0;0;76;0;0;46766503;0;0;0;0.0001;0.859;57.27;0;1.19;0;0.004;0.004;1;46766503;0;0;0;0;0;0;0;0;0;46765000;37.34962980;-121.93066938;-7.73315430;0.00000000;0.00000000;3.79009247;2.72076106;
46766696;12.1;27.5;0;0;0;-62.4;-0.25;0;0;0;0;0.001;0;0;0;0.0001;2;2;0;0;76;0;0;46766662;0;0;0;0.0001;0.893;59.492;0;1.46;0;0.004;0.004;1;46766662;0;0;0;0;0;0;0;0;0;46765000;37.34962980;-121.93066938;-7.73315430;0.00000000;0.00000000;3.79009247;2.72076106;
46766801;12.2;27.4;0;0;0;-62.8;-0.33;0;0;0;0;0.001;0;0;0;0.0001;2;2;0;0;76;0;0;46766662;0;0;0;0.0001;0.893;59.492;0;1.46;0;0.004;0.004;1;46766662;0;0;0;0;0;0;0;0;0;46766000;37.34963530;-121.93066885;-7.95126343;0.00000000;0.00000000;3.79009247;2.68587828;
46766921;12.2;27.4;0;0;0;-58.6;-0.35;0;0;0;0;0.001;0;0;0;0.0001;2;2;0;0;76;0;0;46766801;0;0;0;0.0001;0.865;57.639;0;-0.54;0;0.004;0.004;1;46766827;0;0;0;0;0;0;0;0;0;46766000;37.34963530;-121.93066885;-7.95126343;0.00000000;0.00000000;3.79009247;2.68587828;
46767043;12.1;27.4;0;0;0;-64.2;-0.33;0;0;0;0;0.001;0;0;0;0.0001;2;2;0;0;76;0;0;46766947;0;0;0;0.0001;0.926;61.73;0;1.46;0;0.004;0.004;1;46766970;0;0;0;0;0;0;0;0;0;46766000;37.34963530;-121.93066885;-7.95126343;0.00000000;0.00000000;3.79009247;2.68587828;
46767102;12.2;27.4;0;0;0;-58.8;-0.4;0;0;0;0;0;0;0;0;0.0001;2;2;0;0;76;0;0;46767043;0;0;0;0.0001;0.955;63.608;0;1.17;0;0.004;0.004;1;46767068;0;0;0;0;0;0;0;0;0;46766000;37.34963530;-121.93066885;-7.95126343;0.00000000;0.00000000;3.79009247;2.68587828;
46767172;12.4;27.4;0;0;0;-59;-0.32;0;0;0;0;0.001;0;0;0;0.0001;2;2;0;0;76;0;0;46767142;0;0;0;0.0001;0.887;59.121;0;0.81;0;0.004;0.004;1;46767142;0;0;0;0;0;0;0;0;0;46766000;37.34963530;-121.93066885;-7.95126343;0.00000000;0.00000000;3.79009247;2.68587828;
46767290;12.2;27.4;0;0;0;-58.3;-0.4;0;0;0;0;0;0;0;0;0.0001;2;2;0;0;76;0;0;46767142;0;0;0;0.0001;0.887;59.121;0;0.81;0;0.004;0.004;1;46767142;0;0;0;0;0;0;0;0;0;46766000;37.34963530;-121.93066885;-7.95126343;0.00000000;0.00000000;3.79009247;2.68587828;
46767375;12.2;27.4;0;0;0;-59.5;-0.41;0;0;0;0;0.001;0;0;0;0.0001;2;2;0;0;76;0;0;46767290;0;0;0;0.0001;0.887;59.121;0;2.04;0;0.004;0.004;1;46767305;0;0;0;0;0;0;0;0;0;46766000;37.34963530;-121.93066885;-7.95126343;0.00000000;0.00000000;3.79009247;2.68587828;
46767445;12.1;27.4;0;0;0;-60.9;-0.25;0;0;0;0;0.001;0;0;0;0.0001;2;2;0;0;76;0;0;46767404;0;0;0;0.0001;0.938;62.48;0;1.03;0;0.004;0.004;1;46767444;0;0;0;0;0;0;0;0;0;46766000;37.34963530;-121.93066885;-7.95126343;0.00000000;0.00000000;3.79009247;2.68587828;
46767555;12.2;27.3;0;0;0;-58.4;-0.38;0;0;0;0;0;0;0;0;0.0001;2;2;0;0;76;0;0;46767479;0;0;0;0.0001;0.848;56.533;0;-1.01;0;0.004;0.004;1;46767444;0;0;0;0;0;0;0;0;0;46766000;37.34963530;-121.93066885;-7.95126343;0.00000000;0.00000000;3.79009247;2.68587828;
46767622;12.4;27.4;0;0;0;-59.6;-0.38;0;0;0;0;0;0;0;0;0.0001;2;2;0;0;76;0;0;46767555;0;0;0;0.0001;0.915;60.982;0;0.7;0;0.004;0.004;1;46767595;0;0;0;0;0;0;0;0;0;46766000;37.34963530;-121.93066885;-7.95126343;0.00000000;0.00000000;3.79009247;2.68587828;
46767706;12.2;27.4;0;0;0;-61.7;-0.27;0;0;0;0;0;0;0;0;0.0001;2;2;0;0;76;0;0;46767623;0;0;0;0.0001;0.893;59.492;0;1.13;0;0.004;0.004;1;46767595;0;0;0;0;0;0;0;0;0;46766000;37.34963530;-121.93066885;-7.95126343;0.00000000;0.00000000;3.79009247;2.68587828;
46767824;12.2;27.4;0;0;0;-73.8;-0.31;0;0;0;0;0;0;0;0;0.0001;2;2;0;0;76;0;0;46767706;0;0;0;0.0001;0.904;60.236;0;1.73;0;0.004;0.004;1;46767748;0;0;0;0;0;0;0;0;0;46767000;37.34963462;-121.93066557;-8.12982178;0.00000000;0.00000000;3.79009247;2.76112032;
46767881;12.2;27.5;0;0;0;-82.8;-0.28;0;0;0;0;0.001;0;0;0;0.0001;2;2;0;0;76;0;0;46767824;0;0;0;0.0001;0.882;58.749;0;0.75;0;0.004;0.004;1;46767855;0;0;0;0;0;0;0;0;0;46767000;37.34963462;-121.93066557;-8.12982178;0.00000000;0.00000000;3.79009247;2.76112032;
46767943;12.4;27.4;0;0;0;-61;-0.24;0;0;0;0;0;0;0;0;0.0001;2;2;0;0;76;0;0;46767881;0;0;0;0.0001;0.938;62.48;0;0.32;0;0.004;0.004;1;46767855;0;0;0;0;0;0;0;0;0;46767000;37.34963462;-121.93066557;-8.12982178;0.00000000;0.00000000;3.79009247;2.76112032;
46768031;12.1;27.4;0;0;0;-64.2;-0.37;0;0;0;0;0.001;0;0;0;0.0001;2;2;0;0;76;0;0;46767943;0;0;0;0.0001;0.871;58.009;0;-0.4;0;0.004;0.004;1;46767981;0;0;0;0;0;0;0;0;0;46767000;37.34963462;-121.93066557;-8.12982178;0.00000000;0.00000000;3.79009247;2.76112032;
46768093;12.1;27.5;0;0;0;-62.4;-0.26;0;0;0;0;0.001;0;0;0;0.0001;2;2;0;0;76;0;0;46768064;0;0;0;0.0001;0.893;59.492;0;-1.28;0;0.004;0.004;1;46768064;0;0;0;0;0;0;0;0;0;46767000;37.34963462;-121.93066557;-8.12982178;0.00000000;0.00000000;3.79009247;2.76112032;
46768162;12.3;27.5;0;0;0;-81;-0.29;0;0;0;0;0.001;0;0;0;0.0001;2;2;0;0;76;0;0;46768123;0;0;0;0.0001;0.843;56.165;0;-0.34;0;0.004;0.004;1;46768160;0;0;0;0;0;0;0;0;0;46767000;37.34963462;-121.93066557;-8.12982178;0.00000000;0.00000000;3.79009247;2.76112032;
46768214;12.1;27.4;0;0;0;-60.9;-0.43;0;0;0;0;0.001;0;0;0;0.0001;2;2;0;0;76;0;0;46768123;0;0;0;0.0001;0.843;56.165;0;-0.34;0;0.004;0.004;1;46768160;0;0;0;0;0;0;0;0;0;46767000;37.34963462;-121.93066557;-8.12982178;0.00000000;0.00000000;3.79009247;2.76112032;
46768274;12.1;27.4;0;0;0;-58.4;-0.33;0;0;0;0;0;0;0;0;0.0001;2;2;0;0;76;0;0;46768215;0;0;0;0.0001;0.859;57.27;0;0.45;0;0.004;0.004;1;46768237;0;0;0;0;0;0;0;0;0;46767000;37.34963462;-121.93066557;-8.12982178;0.00000000;0.00000000;3.79009247;2.76112032;
46768358;12.3;27.4;0;0;0;-60.7;-0.35;0;0;0;0;0.001;0;0;0;0.0001;2;2;0;0;76;0;0;46768310;0;0;0;0.0001;0.843;56.165;0;1.08;0;0.004;0.004;1;46768310;0;0;0;0;0;0;0;0;0;46767000;37.34963462;-121.93066557;-8.12982178;0.00000000;0.00000000;3.79009247;2.76112032;
46768476;12.1;27.5;0;0;0;-63;-0.43;0;0;0;0;0;0;0;0;0.0001;2;2;0;0;76;0;0;46768375;0;0;0;0.0001;0.865;57.639;0;0.47;0;0.004;0.004;1;46768396;0;0;0;0;0;0;0;0;0;46767000;37.34963462;-121.93066557;-8.12982178;0.00000000;0.00000000;3.79009247;2.76112032;
46768572;12.3;27.4;0;0;0;-58.2;-0.34;0;0;0;0;0.001;0;0;0;0.0001;2;2;0;0;76;0;0;46768491;0;0;0;0.0001;0.848;56.533;0;-1.6;0;0.004;0.004;1;46768510;0;0;0;0;0;0;0;0;0;46767000;37.34963462;-121.93066557;-8.12982178;0.00000000;0.00000000;3.79009247;2.76112032;
46768636;12.2;27.4;0;0;0;-70.5;-0.4;0;0;0;0;0.001;0;0;0;0.0001;2;2;0;0;76;0;0;46768572;0;0;0;0.0001;0.865;57.639;0;-1.01;0;0.004;0.004;1;46768609;0;0;0;0;0;0;0;0;0;46767000;37.34963462;-121.93066557;-8.12982178;0.00000000;0.00000000;3.79009247;2.76112032;
46768701;12.1;27.4;0;0;0;-59.1;-0.35;0;0;0;0;0.001;0;0;0;0.0001;2;2;0;0;76;0;0;46768658;0;0;0;0.0001;0.876;58.379;0;-0.75;0;0.004;0.004;1;46768658;0;0;0;0;0;0;0;0;0;46767000;37.34963462;-121.93066557;-8.12982178;0.00000000;0.00000000;3.79009247;2.76112032;
46768747;12.2;27.4;0;0;0;-58.6;-0.4;0;0;0;0;0.001;0;0;0;0.0001;2;2;0;0;76;0;0;46768658;0;0;0;0.0001;0.876;58.379;0;-0.75;0;0.004;0.004;1;46768658;0;0;0;0;0;0;0;0;0;46767000;37.34963462;-121.93066557;-8.12982178;0.00000000;0.00000000;3.79009247;2.76112032;
46768844;12.2;27.4;0;0;0;-60.5;-0.32;0;0;0;0;0.001;0;0;0;0.0001;2;2;0;0;76;0;0;46768759;0;0;0;0.0001;0.893;59.492;0;0.71;0;0.004;0.004;1;46768791;0;0;0;0;0;0;0;0;0;46768000;37.34963472;-121.93066572;-8.27362061;0.00000000;0.00000000;3.79009247;2.67530417;
46768906;12.1;27.4;0;0;0;-58.7;-0.23;0;0;0;0;0.001;0;0;0;0.0001;2;2;0;0;76;0;0;46768844;0;0;0;0.0001;0.898;59.864;0;0.24;0;0.004;0.004;1;46768880;0;0;0;0;0;0;0;0;0;46768000;37.34963472;-121.93066572;-8.27362061;0.00000000;0.00000000;3.79009247;2.67530417;
46768961;12.2;27.4;0;0;0;-58.4;-0.42;0;0;0;0;0.001;0;0;0;0.0001;2;2;0;0;76;0;0;46768906;0;0;0;0.0001;0.887;59.121;0;0.37;0;0.004;0.004;1;46768880;0;0;0;0;0;0;0;0;0;46768000;37.34963472;-121.93066572;-8.27362061;0.00000000;0.00000000;3.79009247;2.67530417;
46769020;12.1;27.4;0;0;0;-60.8;-0.36;0;0;0;0;0.001;0;0;0;0.0001;2;2;0;0;76;0;0;46768961;0;0;0;0.0001;0.871;58.009;0;1.48;0;0.004;0.004;1;46768994;0;0;0;0;0;0;0;0;0;46768000;37.34963472;-121.93066572;-8.27362061;0.00000000;0.00000000;3.79009247;2.67530417;
46769085;12.2;27.4;0;0;0;-59.1;-0.22;0;0;0;0;0.001;0;0;0;0.0001;2;2;0;0;76;0;0;46769021;0;0;0;0.0001;0.876;58.379;0;1.57;0;0.004;0.004;1;46768994;0;0;0;0;0;0;0;0;0;46768000;37.34963472;-121.93066572;-8.27362061;0.00000000;0.00000000;3.79009247;2.67530417;
46769178;12.1;27.4;0;0;0;-60.4;-0.34;0;0;0;0;0;0;0;0;0.0001;2;2;0;0;76;0;0;46769117;0;0;0;0.0001;0.871;58.009;0;-0.79;0;0.004;0.004;1;46769105;0;0;0;0;0;0;0;0;0;46768000;37.34963472;-121.93066572;-8.27362061;0.00000000;0.00000000;3.79009247;2.67530417;
46769264;12.1;27.4;0;0;0;-58.4;-0.33;0;0;0;0;0;0;0;0;0.0001;2;2;0;0;76;0;0;46769215;0;0;0;0.0001;0.859;57.27;0;-0.26;0;0.004;0.004;1;46769195;0;0;0;0;0;0;0;0;0;46768000;37.34963472;-121.93066572;-8.27362061;0.00000000;0.00000000;3.79009247;2.67530417;
46769379;12.3;27.4;0;0;0;-59.8;-0.44;0;0;0;0;0;0;0;0;0.0001;2;2;0;0;76;0;0;46769295;0;0;0;0.0001;0.921;61.356;0;-0.36;0;0.004;0.004;1;46769294;0;0;0;0;0;0;0;0;0;46768000;37.34963472;-121.93066572;-8.27362061;0.00000000;0.00000000;3.79009247;2.67530417;
46769440;12.1;27.4;0;0;0;-58.5;-0.28;0;0;0;0;0.001;0;0;0;0.0001;2;2;0;0;76;0;0;46769379;0;0;0;0.0001;0.882;58.749;0;-0.81;0;0.004;0.004;1;46769416;0;0;0;0;0;0;0;0;0;46768000;37.34963472;-121.93066572;-8.27362061;0.00000000;0.00000000;3.79009247;2.67530417;
46769547;12.1;27.4;0;0;0;-60.2;-0.36;0;0;0;0;0;0;0;0;0.0001;2;2;0;0;76;0;0;46769441;0;0;0;0.0001;0.91;60.609;0;1.87;0;0.004;0.004;1;46769416;0;0;0;0;0;0;0;0;0;46768000;37.34963472;-121.93066572;-8.27362061;0.00000000;0.00000000;3.79009247;2.67530417;
46769646;12.2;27.4;0;0;0;-58;-0.38;0;0;0;0;0.001;0;0;0;0.0001;2;2;0;0;76;0;0;46769547;0;0;0;0.0001;0.865;57.639;0;-1.18;0;0.004;0.004;1;46769564;0;0;0;0;0;0;0;0;0;46768000;37.34963472;-121.93066572;-8.27362061;0.00000000;0.00000000;3.79009247;2.67530417;
46769746;12.2;27.4;0;0;0;-58.4;-0.31;0;0;0;0;0;0;0;0;0.0001;2;2;0;0;76;0;0;46769662;0;0;0;0.0001;0.893;59.492;0;0.75;0;0.004;0.004;1;46769681;0;0;0;0;0;0;0;0;0;46769000;37.34963499;-121.93067495;-7.90087891;0.00000000;0.00000000;3.79009247;2.76329541;
46769798;12.1;27.4;0;0;0;-60.3;-0.24;0;0;0;0;0.001;0;0;0;0.0001;2;2;0;0;76;0;0;46769746;0;0;0;0.0001;0.893;59.492;0;1.48;0;0.004;0.004;1;46769780;0;0;0;0;0;0;0;0;0;46769000;37.34963499;-121.93067495;-7.90087891;0.00000000;0.00000000;3.79009247;2.76329541;
46769864;12.2;27.3;0;0;0;-57.6;-0.45;0;0;0;0;0.001;0;0;0;0.0001;2;2;0;0;76;0;0;46769830;0;0;0;0.0001;0.843;56.165;0;1.19;0;0.004;0.004;1;46769780;0;0;0;0;0;0;0;0;0;46769000;37.34963499;-121.93067495;-7.90087891;0.00000000;0.00000000;3.79009247;2.76329541;
46769947;12.1;27.3;0;0;0;-57.9;-0.35;0;0;0;0;0.001;0;0;0;0.0001;2;2;0;0;76;0;0;46769899;0;0;0;0.0001;0.926;61.73;0;-0.58;0;0.004;0.004;1;46769899;0;0;0;0;0;0;0;0;0;46769000;37.34963499;-121.93067495;-7.90087891;0.00000000;0.00000000;3.79009247;2.76329541;
46770017;12.1;27.4;0;0;0;-59.5;-0.33;0;0;0;0;0.001;0;0;0;0.0001;2;2;0;0;76;0;0;46769964;0;0;0;0.0001;0.893;59.492;0;1.42;0;0.004;0.004;1;46769980;0;0;0;0;0;0;0;0;0;46769000;37.34963499;-121.93067495;-7.90087891;0.00000000;0.00000000;3.79009247;2.76329541;
46770099;12.2;27.3;0;0;0;-57.6;-0.29;0;0;0;0;0.001;0;0;0;0.0001;2;2;0;0;76;0;0;46770048;0;0;0;0.0001;0.859;57.27;0;-0.74;0;0.004;0.004;1;46770081;0;0;0;0;0;0;0;0;0;46769000;37.34963499;-121.93067495;-7.90087891;0.00000000;0.00000000;3.79009247;2.76329541;
46770165;12.3;27.4;0;0;0;-58.8;-0.3;0;0;0;0;0;0;0;0;0.0001;2;2;0;0;76;0;0;46770115;0;0;0;0.0001;0.932;62.105;0;1.91;0;0.004;0.004;1;46770081;0;0;0;0;0;0;0;0;0;46769000;37.34963499;-121.93067495;-7.90087891;0.00000000;0.00000000;3.79009247;2.76329541;
46770249;12.2;27.3;0;0;0;-57.3;-0.32;0;0;0;0;0;0;0;0;0.0001;2;2;0;0;76;0;0;46770202;0;0;0;0.0001;0.893;59.492;0;-1.75;0;0.004;0.004;1;46770201;0;0;0;0;0;0;0;0;0;46769000;37.34963499;-121.93067495;-7.90087891;0.00000000;0.00000000;3.79009247;2.76329541;
46770314;12.3;27.4;0;0;0;-60;-0.34;0;0;0;0;0.001;0;0;0;0.0001;2;2;0;0;76;0;0;46770250;0;0;0;0.0001;0.848;56.533;0;0.2;0;0.004;0.004;1;46770283;0;0;0;0;0;0;0;0;0;46769000;37.34963499;-121.93067495;-7.90087891;0.00000000;0.00000000;3.79009247;2.76329541;
46770384;12.2;27.4;0;0;0;-58.5;-0.32;0;0;0;0;0.001;0;0;0;0.0001;2;2;0;0;76;0;0;46770315;0;0;0;0.0001;0.832;55.431;0;-0.69;0;0.004;0.004;1;46770283;0;0;0;0;0;0;0;0;0;46769000;37.34963499;-121.93067495;-7.90087891;0.00000000;0.00000000;3.79009247;2.76329541;
46770452;12.2;27.4;0;0;0;-59.4;-0.35;0;0;0;0;0.001;0;0;0;0.0001;2;2;0;0;76;0;0;46770384;0;0;0;0.0001;0.843;56.165;0;1.02;0;0.004;0.004;1;46770419;0;0;0;0;0;0;0;0;0;46769000;37.34963499;-121.93067495;-7.90087891;0.00000000;0.00000000;3.79009247;2.76329541;
46770517;12.2;27.3;0;0;0;-57.7;-0.26;0;0;0;0;0;0;0;0;0.0001;2;2;0;0;76;0;0;46770453;0;0;0;0.0001;0.882;58.749;0;0.07;0;0.004;0.004;1;46770419;0;0;0;0;0;0;0;0;0;46769000;37.34963499;-121.93067495;-7.90087891;0.00000000;0.00000000;3.79009247;2.76329541;
46770616;12.1;27.4;0;0;0;-59.1;-0.3;0;0;0;0;0;0;0;0;0.0001;2;2;0;0;76;0;0;46770533;0;0;0;0.0001;0.876;58.379;0;0.66;0;0.004;0.004;1;46770549;0;0;0;0;0;0;0;0;0;46769000;37.34963499;-121.93067495;-7.90087891;0.00000000;0.00000000;3.79009247;2.76329541;
46770667;12.2;27.4;0;0;0;-57.4;-0.29;0;0;0;0;0;0;0;0;0.0001;2;2;0;0;76;0;0;46770617;0;0;0;0.0001;0.91;60.609;0;0.65;0;0.004;0.004;1;46770651;0;0;0;0;0;0;0;0;0;46769000;37.34963499;-121.93067495;-7.90087891;0.00000000;0.00000000;3.79009247;2.76329541;
46770799;12.1;27.4;0;0;0;-60.9;-0.3;0;0;0;0;0.001;0;0;0;0.0001;2;2;0;0;76;0;0;46770684;0;0;0;0.0001;0.904;60.236;0;1.52;0;0.004;0.004;1;46770744;0;0;0;0;0;0;0;0;0;46770000;37.34963857;-121.93066968;-8.49685669;0.00000000;0.00000000;3.79009247;2.75070715;
46770884;12.1;27.4;0;0;0;-57.5;-0.39;0;0;0;0;0;0;0;0;0.0001;2;2;0;0;76;0;0;46770817;0;0;0;0.0001;0.904;60.236;0;-0.75;0;0.004;0.004;1;46770854;0;0;0;0;0;0;0;0;0;46770000;37.34963857;-121.93066968;-8.49685669;0.00000000;0.00000000;3.79009247;2.75070715;
46770968;12.2;27.4;0;0;0;-58.2;-0.33;0;0;0;0;0.001;0;0;0;0.0001;2;2;0;0;76;0;0;46770921;0;0;0;0.0001;0.843;56.165;0;1.9;0;0.004;0.004;1;46770921;0;0;0;0;0;0;0;0;0;46770000;37.34963857;-121.93066968;-8.49685669;0.00000000;0.00000000;3.79009247;2.75070715;
46771086;12.2;27.4;0;0;0;-58.3;-0.3;0;0;0;0;0.001;0;0;0;0.0001;2;2;0;0;76;0;0;46770985;0;0;0;0.0001;0.887;59.121;0;0.96;0;0.004;0.004;1;46771001;0;0;0;0;0;0;0;0;0;46770000;37.34963857;-121.93066968;-8.49685669;0.00000000;0.00000000;3.79009247;2.75070715;
46771188;12.2;27.4;0;0;0;-58.4;-0.27;0;0;0;0;0.001;0;0;0;0.0001;2;2;0;0;76;0;0;46771101;0;0;0;0.0001;0.938;62.48;0;0.12;0;0.004;0.004;1;46771119;0;0;0;0;0;0;0;0;0;46770000;37.34963857;-121.93066968;-8.49685669;0.00000000;0.00000000;3.79009247;2.75070715;
46771268;12.2;27.4;0;0;0;-60.7;-0.38;0;0;0;0;0.001;0;0;0;0.0001;2;2;0;0;76;0;0;46771219;0;0;0;0.0001;0.837;55.798;0;-0.44;0;0.004;0.004;1;46771219;0;0;0;0;0;0;0;0;0;46770000;37.34963857;-121.93066968;-8.49685669;0.00000000;0.00000000;3.79009247;2.75070715;
46771336;12.2;27.4;0;0;0;-58.6;-0.32;0;0;0;0;0.001;0;0;0;0.0001;2;2;0;0;76;0;0;46771269;0;0;0;0.0001;0.854;56.901;0;1.82;0;0.004;0.004;1;46771302;0;0;0;0;0;0;0;0;0;46770000;37.34963857;-121.93066968;-8.49685669;0.00000000;0.00000000;3.79009247;2.75070715;
46771419;12.3;27.4;0;0;0;-60.3;-0.33;0;0;0;0;0.001;0;0;0;0.0001;2;2;0;0;76;0;0;46771368;0;0;0;0.0001;0.859;57.27;0;-0.77;0;0.004;0.004;1;46771368;0;0;0;0;0;0;0;0;0;46770000;37.34963857;-121.93066968;-8.49685669;0.00000000;0.00000000;3.79009247;2.75070715;
46771488;12.2;27.5;0;0;0;-61.5;-0.31;0;0;0;0;0.001;0;0;0;0.0001;2;2;0;0;76;0;0;46771420;0;0;0;0.0001;0.843;56.165;0;-0.74;0;0.004;0.004;1;46771454;0;0;0;0;0;0;0;0;0;46770000;37.34963857;-121.93066968;-8.49685669;0.00000000;0.00000000;3.79009247;2.75070715;
46771570;12.3;27.4;0;0;0;-58;-0.34;0;0;0;0;0.001;0;0;0;0.0001;2;2;0;0;76;0;0;46771519;0;0;0;0.0001;0.843;56.165;0;-1;0;0.004;0.004;1;46771519;0;0;0;0;0;0;0;0;0;46770000;37.34963857;-121.93066968;-8.49685669;0.00000000;0.00000000;3.79009247;2.75070715;
46771641;12.2;27.3;0;0;0;-57.4;-0.35;0;0;0;0;0.001;0;0;0;0.0001;2;2;0;0;76;0;0;46771570;0;0;0;0.0001;0.871;58.009;0;-0.25;0;0.004;0.004;1;46771605;0;0;0;0;0;0;0;0;0;46770000;37.34963857;-121.93066968;-8.49685669;0.00000000;0.00000000;3.79009247;2.75070715;
46771723;12.2;27.4;0;0;0;-58.4;-0.28;0;0;0;0;0;0;0;0;0.0001;2;2;0;0;76;0;0;46771657;0;0;0;0.0001;0.893;59.492;0;1.71;0;0.004;0.004;1;46771673;0;0;0;0;0;0;0;0;0;46770000;37.34963857;-121.93066968;-8.49685669;0.00000000;0.00000000;3.79009247;2.75070715;
46771792;12.3;27.4;0;0;0;-59;-0.34;0;0;0;0;0;0;0;0;0.0001;2;2;0;0;76;0;0;46771724;0;0;0;0.0001;0.859;57.27;0;0.06;0;0.004;0.004;1;46771756;0;0;0;0;0;0;0;0;0;46771000;37.34964303;-121.93066633;-8.18493652;0.00000000;0.00000000;3.79009247;2.70556450;
46771874;12.3;27.4;0;0;0;-58.7;-0.39;0;0;0;0;0.001;0;0;0;0.0001;2;2;0;0;76;0;0;46771792;0;0;0;0.0001;0.904;60.236;0;0;0;0.004;0.004;1;46771840;0;0;0;0;0;0;0;0;0;46771000;37.34964303;-121.93066633;-8.18493652;0.00000000;0.00000000;3.79009247;2.70556450;
46771939;12.1;27.4;0;0;0;-58.5;-0.39;0;0;0;0;0.001;0;0;0;0.0001;2;2;0;0;76;0;0;46771874;0;0;0;0.0001;0.859;57.27;0;-0.64;0;0.004;0.004;1;46771840;0;0;0;0;0;0;0;0;0;46771000;37.34964303;-121.93066633;-8.18493652;0.00000000;0.00000000;3.79009247;2.70556450;
46771990;12.1;27.4;0;0;0;-57.9;-0.33;0;0;0;0;0.001;0;0;0;0.0001;2;2;0;0;76;0;0;46771939;0;0;0;0.0001;0.859;57.27;0;-0.18;0;0.004;0.004;1;46771963;0;0;0;0;0;0;0;0;0;46771000;37.34964303;-121.93066633;-8.18493652;0.00000000;0.00000000;3.79009247;2.70556450;
46772064;12.3;27.3;0;0;0;-57.6;-0.3;0;0;0;0;0.001;0;0;0;0.0001;2;2;0;0;76;0;0;46772023;0;0;0;0.0001;0.871;58.009;0;0.03;0;0.004;0.004;1;46772023;0;0;0;0;0;0;0;0;0;46771000;37.34964303;-121.93066633;-8.18493652;0.00000000;0.00000000;3.79009247;2.70556450;
46772108;12.1;27.4;0;0;0;-59.7;-0.3;0;0;0;0;0;0;0;0;0.0001;2;2;0;0;76;0;0;46772023;0;0;0;0.0001;0.871;58.009;0;0.03;0;0.004;0.004;1;46772023;0;0;0;0;0;0;0;0;0;46771000;37.34964303;-121.93066633;-8.18493652;0.00000000;0.00000000;3.79009247;2.70556450;
46772177;12.3;27.5;0;0;0;-63.4;-0.11;0;0;0;0;0.001;0;0;0;0.0001;2;2;0;0;76;0;0;46772126;0;0;0;0.0001;0.898;59.864;0;1.34;0;0.004;0.004;1;46772141;0;0;0;0;0;0;0;0;0;46771000;37.34964303;-121.93066633;-8.18493652;0.00000000;0.00000000;3.79009247;2.70556450;
46772260;12.3;27.4;0;0;0;-58;-0.28;0;0;0;0;0.001;0;0;0;0.0001;2;2;0;0;76;0;0;46772209;0;0;0;0.0001;0.871;58.009;0;-0.39;0;0.004;0.004;1;46772209;0;0;0;0;0;0;0;0;0;46771000;37.34964303;-121.93066633;-8.18493652;0.00000000;0.00000000;3.79009247;2.70556450;
46772327;12.4;27.6;0;0;0;-63.2;-0.04;0;0;0;0;0.001;0;0;0;0.0001;2;2;0;0;76;0;0;46772260;0;0;0;0.0001;0.854;56.901;0;0.83;0;0.004;0.004;1;46772294;0;0;0;0;0;0;0;0;0;46771000;37.34964303;-121.93066633;-8.18493652;0.00000000;0.00000000;3.79009247;2.70556450;
46772410;12.1;27.4;0;0;0;-58.5;-0.26;0;0;0;0;0.001;0;0;0;0.0001;2;2;0;0;76;0;0;46772345;0;0;0;0.0001;0.898;59.864;0;1.43;0;0.004;0.004;1;46772361;0;0;0;0;0;0;0;0;0;46771000;37.34964303;-121.93066633;-8.18493652;0.00000000;0.00000000;3.79009247;2.70556450;
46772478;12.1;27.5;0;0;0;-61.1;-0.18;0;0;0;0;0;0;0;0;0.0001;2;2;0;0;76;0;0;46772410;0;0;0;0.0001;0.826;55.064;0;0.88;0;0.004;0.004;1;46772444;0;0;0;0;0;0;0;0;0;46771000;37.34964303;-121.93066633;-8.18493652;0.00000000;0.00000000;3.79009247;2.70556450;
46772563;12.1;27.4;0;0;0;-58;-0.3;0;0;0;0;0.001;0;0;0;0.0001;2;2;0;0;76;0;0;46772494;0;0;0;0.0001;0.832;55.431;0;0.21;0;0.004;0.004;1;46772510;0;0;0;0;0;0;0;0;0;46771000;37.34964303;-121.93066633;-8.18493652;0.00000000;0.00000000;3.79009247;2.70556450;
46772629;12.1;27.4;0;0;0;-80.9;-0.4;0;0;0;0;0.001;0;0;0;0.0001;2;2;0;0;76;0;0;46772564;0;0;0;0.0001;0.832;55.431;0;-1.21;0;0.004;0.004;1;46772596;0;0;0;0;0;0;0;0;0;46771000;37.34964303;-121.93066633;-8.18493652;0.00000000;0.00000000;3.79009247;2.70556450;
46772710;12.2;27.4;0;0;0;-58.4;-0.22;0;0;0;0;0.001;0;0;0;0.0001;2;2;0;0;76;0;0;46772660;0;0;0;0.0001;0.932;62.105;0;0.32;0;0.004;0.004;1;46772660;0;0;0;0;0;0;0;0;0;46771000;37.34964303;-121.93066633;-8.18493652;0.00000000;0.00000000;3.79009247;2.70556450;
46772768;12.3;27.4;0;0;0;-59.9;-0.41;0;0;0;0;0.001;0;0;0;0.0001;2;2;0;0;76;0;0;46772710;0;0;0;0.0001;0.882;58.749;0;1.99;0;0.004;0.004;1;46772744;0;0;0;0;0;0;0;0;0;46772000;37.34964530;-121.93066683;-8.27676392;0.00000000;0.00000000;3.79009247;2.82861161;
46772830;12.1;27.4;0;0;0;-58.9;-0.22;0;0;0;0;0.001;0;0;0;0.0001;2;2;0;0;76;0;0;46772781;0;0;0;0.0001;0.91;60.609;0;1.15;0;0.004;0.004;1;46772744;0;0;0;0;0;0;0;0;0;46772000;37.34964530;-121.93066683;-8.27676392;0.00000000;0.00000000;3.79009247;2.82861161;
46772899;12.2;27.5;0;0;0;-61.4;-0.09;0;0;0;0;0.001;0;0;0;0.0001;2;2;0;0;76;0;0;46772862;0;0;0;0.0001;0.859;57.27;0;-0.67;0;0.004;0.004;1;46772861;0;0;0;0;0;0;0;0;0;46772000;37.34964530;-121.93066683;-8.27676392;0.00000000;0.00000000;3.79009247;2.82861161;
46772961;12.2;27.3;0;0;0;-58.3;-0.36;0;0;0;0;0;0;0;0;0.0001;2;2;0;0;76;0;0;46772862;0;0;0;0.0001;0.859;57.27;0;-0.67;0;0.004;0.004;1;46772861;0;0;0;0;0;0;0;0;0;46772000;37.34964530;-121.93066683;-8.27676392;0.00000000;0.00000000;3.79009247;2.82861161;
46773045;12.3;27.4;0;0;0;-59;-0.25;0;0;0;0;0;0;0;0;0.0001;2;2;0;0;76;0;0;46772961;0;0;0;0.0001;0.865;57.639;0;-0.91;0;0.004;0.004;1;46772978;0;0;0;0;0;0;0;0;0;46772000;37.34964530;-121.93066683;-8.27676392;0.00000000;0.00000000;3.79009247;2.82861161;
46773098;12.2;27.4;0;0;0;-59.3;-0.24;0;0;0;0;0.001;0;0;0;0.0001;2;2;0;0;76;0;0;46773046;0;0;0;0.0001;0.843;56.165;0;-0.38;0;0.004;0.004;1;46773078;0;0;0;0;0;0;0;0;0;46772000;37.34964530;-121.93066683;-8.27676392;0.00000000;0.00000000;3.79009247;2.82861161;
46773196;12.4;27.5;0;0;0;-61.5;-0.29;0;0;0;0;0;0;0;0;0.0001;2;2;0;0;76;0;0;46773113;0;0;0;0.0001;0.854;56.901;0;-1.25;0;0.004;0.004;1;46773162;0;0;0;0;0;0;0;0;0;46772000;37.34964530;-121.93066683;-8.27676392;0.00000000;0.00000000;3.79009247;2.82861161;
46773246;12.3;27.4;0;0;0;-59;-0.16;0;0;0;0;0.001;0;0;0;0.0001;2;2;0;0;76;0;0;46773197;0;0;0;0.0001;0.898;59.864;0;1.03;0;0.004;0.004;1;46773162;0;0;0;0;0;0;0;0;0;46772000;37.34964530;-121.93066683;-8.27676392;0.00000000;0.00000000;3.79009247;2.82861161;
46773347;12.3;27.5;0;0;0;-61.1;-0.28;0;0;0;0;0.001;0;0;0;0.0001;2;2;0;0;76;0;0;46773264;0;0;0;0.0001;0.893;59.492;0;0.21;0;0.004;0.004;1;46773281;0;0;0;0;0;0;0;0;0;46772000;37.34964530;-121.93066683;-8.27676392;0.00000000;0.00000000;3.79009247;2.82861161;
46773412;12.3;27.4;0;0;0;-59.6;-0.19;0;0;0;0;0;0;0;0;0.0001;2;2;0;0;76;0;0;46773347;0;0;0;0.0001;0.893;59.492;0;0.33;0;0.004;0.004;1;46773381;0;0;0;0;0;0;0;0;0;46772000;37.34964530;-121.93066683;-8.27676392;0.00000000;0.00000000;3.79009247;2.82861161;
46773493;12.3;27.4;0;0;0;-58.6;-0.24;0;0;0;0;0;0;0;0;0.0001;2;2;0;0;76;0;0;46773413;0;0;0;0.0001;0.915;60.982;0;1.08;0;0.004;0.004;1;46773465;0;0;0;0;0;0;0;0;0;46772000;37.34964530;-121.93066683;-8.27676392;0.00000000;0.00000000;3.79009247;2.82861161;
46773548;12.1;27.5;0;0;0;-60.2;-0.38;0;0;0;0;0.001;0;0;0;0.0001;2;2;0;0;76;0;0;46773493;0;0;0;0.0001;0.843;56.165;0;-0.34;0;0.004;0.004;1;46773465;0;0;0;0;0;0;0;0;0;46772000;37.34964530;-121.93066683;-8.27676392;0.00000000;0.00000000;3.79009247;2.82861161;
46773648;12.1;27.5;0;0;0;-68.4;-0.41;0;0;0;0;0.001;0;0;0;0.0001;2;2;0;0;76;0;0;46773565;0;0;0;0.0001;0.837;55.798;0;1.9;0;0.004;0.004;1;46773580;0;0;0;0;0;0;0;0;0;46772000;37.34964530;-121.93066683;-8.27676392;0.00000000;0.00000000;3.79009247;2.82861161;
46773733;12.3;27.4;0;0;0;-61.4;-0.38;0;0;0;0;0.001;0;0;0;0.0001;2;2;0;0;76;0;0;46773648;0;0;0;0.0001;0.859;57.27;0;2.04;0;0.004;0.004;1;46773680;0;0;0;0;0;0;0;0;0;46772000;37.34964530;-121.93066683;-8.27676392;0.00000000;0.00000000;3.79009247;2.82861161;
46773799;12.2;27.4;0;0;0;-58.2;-0.39;0;0;0;0;0.001;0;0;0;0.0001;2;2;0;0;76;0;0;46773734;0;0;0;0.0001;0.871;58.009;0;-0.03;0;0.004;0.004;1;46773763;0;0;0;0;0;0;0;0;0;46773000;37.34964502;-121.93067002;-8.16375732;0.00000000;0.00000000;3.79009247;2.97216249;
46773880;12.1;27.4;0;0;0;-58.6;-0.35;0;0;0;0;0;0;0;0;0.0001;2;2;0;0;76;0;0;46773832;0;0;0;0.0001;0.832;55.431;0;0.62;0;0.004;0.004;1;46773832;0;0;0;0;0;0;0;0;0;46773000;37.34964502;-121.93067002;-8.16375732;0.00000000;0.00000000;3.79009247;2.97216249;
46773948;12.2;27.4;0;0;0;-59.1;-0.43;0;0;0;0;0;0;0;0;0.0001;2;2;0;0;76;0;0;46773880;0;0;0;0.0001;0.893;59.492;0;-0.42;0;0.004;0.004;1;46773916;0;0;0;0;0;0;0;0;0;46773000;37.34964502;-121.93067002;-8.16375732;0.00000000;0.00000000;3.79009247;2.97216249;
46774032;12.1;27.5;0;0;0;-61.4;-0.37;0;0;0;0;0.001;0;0;0;0.0001;2;2;0;0;76;0;0;46773966;0;0;0;0.0001;0.832;55.431;0;1.05;0;0.004;0.004;1;46773982;0;0;0;0;0;0;0;0;0;46773000;37.34964502;-121.93067002;-8.16375732;0.00000000;0.00000000;3.79009247;2.97216249;
46774098;12.2;27.4;0;0;0;-58.5;-0.36;0;0;0;0;0.001;0;0;0;0.0001;2;2;0;0;76;0;0;46774033;0;0;0;0.0001;0.854;56.901;0;1.08;0;0.004;0.004;1;46774065;0;0;0;0;0;0;0;0;0;46773000;37.34964502;-121.93067002;-8.16375732;0.00000000;0.00000000;3.79009247;2.97216249;
46774182;12.4;27.7;0;0;0;-81.7;-0.38;0;0;0;0;0;0;0;0;0.0001;2;2;0;0;76;0;0;46774116;0;0;0;0.0001;0.943;62.856;0;1.78;0;0.004;0.004;1;46774132;0;0;0;0;0;0;0;0;0;46773000;37.34964502;-121.93067002;-8.16375732;0.00000000;0.00000000;3.79009247;2.97216249;
46774237;12.2;27.3;0;0;0;-57.9;-0.31;0;0;0;0;0;0;0;0;0.0001;2;2;0;0;76;0;0;46774182;0;0;0;0.0001;0.904;60.236;0;-1.54;0;0.004;0.004;1;46774219;0;0;0;0;0;0;0;0;0;46773000;37.34964502;-121.93067002;-8.16375732;0.00000000;0.00000000;3.79009247;2.97216249;
46774359;12.2;27.4;0;0;0;-59.9;-0.44;0;0;0;0;0.001;0;0;0;0.0001;2;2;0;0;76;0;0;46774249;0;0;0;0.0001;0.91;60.609;0;0.9;0;0.004;0.004;1;46774298;0;0;0;0;0;0;0;0;0;46773000;37.34964502;-121.93067002;-8.16375732;0.00000000;0.00000000;3.79009247;2.97216249;
46774449;12.2;27.4;0;0;0;-59.4;-0.34;0;0;0;0;0.001;0;0;0;0.0001;2;2;0;0;76;0;0;46774359;0;0;0;0.0001;0.876;58.379;0;0.86;0;0.004;0.004;1;46774298;0;0;0;0;0;0;0;0;0;46773000;37.34964502;-121.93067002;-8.16375732;0.00000000;0.00000000;3.79009247;2.97216249;
46774548;12.2;27.5;0;0;0;-65;-0.33;0;0;0;0;0.001;0;0;0;0.0001;2;2;0;0;76;0;0;46774450;0;0;0;0.0001;0.876;58.379;0;0.77;0;0.004;0.004;1;46774482;0;0;0;0;0;0;0;0;0;46773000;37.34964502;-121.93067002;-8.16375732;0.00000000;0.00000000;3.79009247;2.97216249;
46774620;12.2;27.4;0;0;0;-63.2;-0.25;0;0;0;0;0;0;0;0;0.0001;2;2;0;0;76;0;0;46774548;0;0;0;0.0001;0.915;60.982;0;0.46;0;0.004;0.004;1;46774585;0;0;0;0;0;0;0;0;0;46773000;37.34964502;-121.93067002;-8.16375732;0.00000000;0.00000000;3.79009247;2.97216249;
46774701;12.2;27.4;0;0;0;-58.9;-0.43;0;0;0;0;0;0;0;0;0.0001;2;2;0;0;76;0;0;46774621;0;0;0;0.0001;0.848;56.533;0;0.69;0;0.004;0.004;1;46774585;0;0;0;0;0;0;0;0;0;46773000;37.34964502;-121.93067002;-8.16375732;0.00000000;0.00000000;3.79009247;2.97216249;
46774784;12.1;27.4;0;0;0;-58.3;-0.36;0;0;0;0;0;0;0;0;0.0001;2;2;0;0;76;0;0;46774701;0;0;0;0.0001;0.832;55.431;0;-1.44;0;0.004;0.004;1;46774718;0;0;0;0;0;0;0;0;0;46774000;37.34964299;-121.93067040;-8.28274536;0.00000000;0.00000000;3.79009247;3.17142725;
46774851;12.3;27.4;0;0;0;-64.2;-0.32;0;0;0;0;0.001;0;0;0;0.0001;2;2;0;0;76;0;0;46774785;0;0;0;0.0001;0.837;55.798;0;0.55;0;0.004;0.004;1;46774818;0;0;0;0;0;0;0;0;0;46774000;37.34964299;-121.93067040;-8.28274536;0.00000000;0.00000000;3.79009247;3.17142725;
46774902;12.1;27.4;0;0;0;-59.1;-0.44;0;0;0;0;0.001;0;0;0;0.0001;2;2;0;0;76;0;0;46774869;0;0;0;0.0001;0.871;58.009;0;-0.42;0;0.004;0.004;1;46774818;0;0;0;0;0;0;0;0;0;46774000;37.34964299;-121.93067040;-8.28274536;0.00000000;0.00000000;3.79009247;3.17142725;
46774968;12.2;27.4;0;0;0;-58.7;-0.37;0;0;0;0;0;0;0;0;0.0001;2;2;0;0;76;0;0;46774869;0;0;0;0.0001;0.871;58.009;0;-0.42;0;0.004;0.004;1;46774902;0;0;0;0;0;0;0;0;0;46774000;37.34964299;-121.93067040;-8.28274536;0.00000000;0.00000000;3.79009247;3.17142725;
46775072;12.1;27.4;0;0;0;-58;-0.35;0;0;0;0;0.001;0;0;0;0.0001;2;2;0;0;76;0;0;46774969;0;0;0;0.0001;0.904;60.236;0;0.64;0;0.004;0.004;1;46775003;0;0;0;0;0;0;0;0;0;46774000;37.34964299;-121.93067040;-8.28274536;0.00000000;0.00000000;3.79009247;3.17142725;
46775170;12.1;27.4;0;0;0;-59.1;-0.39;0;0;0;0;0.001;0;0;0;0.0001;2;2;0;0;76;0;0;46775072;0;0;0;0.0001;0.832;55.431;0;1.6;0;0.004;0.004;1;46775100;0;0;0;0;0;0;0;0;0;46774000;37.34964299;-121.93067040;-8.28274536;0.00000000;0.00000000;3.79009247;3.17142725;
46775236;12.3;27.4;0;0;0;-59.7;-0.32;0;0;0;0;0.001;0;0;0;0.0001;2;2;0;0;76;0;0;46775171;0;0;0;0.0001;0.848;56.533;0;0.95;0;0.004;0.004;1;46775202;0;0;0;0;0;0;0;0;0;46774000;37.34964299;-121.93067040;-8.28274536;0.00000000;0.00000000;3.79009247;3.17142725;
46775319;12.2;27.4;0;0;0;-58.8;-0.37;0;0;0;0;0.001;0;0;0;0.0001;2;2;0;0;76;0;0;46775269;0;0;0;0.0001;0.837;55.798;0;0.13;0;0.004;0.004;1;46775269;0;0;0;0;0;0;0;0;0;46774000;37.34964299;-121.93067040;-8.28274536;0.00000000;0.00000000;3.79009247;3.17142725;
46775386;12.1;27.4;0;0;0;-58.2;-0.29;0;0;0;0;0.001;0;0;0;0.0001;2;2;0;0;76;0;0;46775320;0;0;0;0.0001;0.926;61.73;0;0.89;0;0.004;0.004;1;46775354;0;0;0;0;0;0;0;0;0;46774000;37.34964299;-121.93067040;-8.28274536;0.00000000;0.00000000;3.79009247;3.17142725;
46775471;12.2;27.4;0;0;0;-58.8;-0.29;0;0;0;0;0.001;0;0;0;0.0001;2;2;0;0;76;0;0;46775421;0;0;0;0.0001;0.882;58.749;0;-0.44;0;0.004;0.004;1;46775421;0;0;0;0;0;0;0;0;0;46774000;37.34964299;-121.93067040;-8.28274536;0.00000000;0.00000000;3.79009247;3.17142725;
46775540;12.2;27.4;0;0;0;-58.1;-0.29;0;0;0;0;0.001;0;0;0;0.0001;2;2;0;0;76;0;0;46775471;0;0;0;0.0001;0.887;59.121;0;0.87;0;0.004;0.004;1;46775504;0;0;0;0;0;0;0;0;0;46774000;37.34964299;-121.93067040;-8.28274536;0.00000000;0.00000000;3.79009247;3.17142725;
46775625;12.3;27.4;0;0;0;-59.1;-0.44;0;0;0;0;0.001;0;0;0;0.0001;2;2;0;0;76;0;0;46775555;0;0;0;0.0001;0.898;59.864;0;0.82;0;0.004;0.004;1;46775569;0;0;0;0;0;0;0;0;0;46774000;37.34964299;-121.93067040;-8.28274536;0.00000000;0.00000000;3.79009247;3.17142725;
46775688;12.2;27.4;0;0;0;-59.1;-0.24;0;0;0;0;0.001;0;0;0;0.0001;2;2;0;0;76;0;0;46775626;0;0;0;0.0001;0.904;60.236;0;1.79;0;0.004;0.004;1;46775653;0;0;0;0;0;0;0;0;0;46774000;37.34964299;-121.93067040;-8.28274536;0.00000000;0.00000000;3.79009247;3.17142725;
46775771;12.1;27.3;0;0;0;-57.2;-0.31;0;0;0;0;0;0;0;0;0.0001;2;2;0;0;76;0;0;46775706;0;0;0;0.0001;0.932;62.105;0;0.9;0;0.004;0.004;1;46775720;0;0;0;0;0;0;0;0;0;46775000;37.34964509;-121.93067126;-8.30181885;0.00000000;0.00000000;3.79009247;3.45754623;
46775871;12.1;27.4;0;0;0;-57.7;-0.34;0;0;0;0;0;0;0;0;0.0001;2;2;0;0;76;0;0;46775804;0;0;0;0.0001;0.887;59.121;0;2.03;0;0.004;0.004;1;46775804;0;0;0;0;0;0;0;0;0;46775000;37.34964509;-121.93067126;-8.30181885;0.00000000;0.00000000;3.79009247;3.45754623;
46775956;12.1;27.3;0;0;0;-57.8;-0.31;0;0;0;0;0.001;0;0;0;0.0001;2;2;0;0;76;0;0;46775889;0;0;0;0.0001;0.832;55.431;0;0.74;0;0.004;0.004;1;46775905;0;0;0;0;0;0;0;0;0;46775000;37.34964509;-121.93067126;-8.30181885;0.00000000;0.00000000;3.79009247;3.45754623;
46776023;12.4;27.4;0;0;0;-58.8;-0.25;0;0;0;0;0.001;0;0;0;0.0001;2;2;0;0;76;0;0;46775974;0;0;0;0.0001;0.871;58.009;0;1.88;0;0.004;0.004;1;46775989;0;0;0;0;0;0;0;0;0;46775000;37.34964509;-121.93067126;-8.30181885;0.00000000;0.00000000;3.79009247;3.45754623;
46776107;12.2;27.5;0;0;0;-61;-0.34;0;0;0;0;0.001;0;0;0;0.0001;2;2;0;0;76;0;0;46776072;0;0;0;0.0001;0.932;62.105;0;-0.6;0;0.004;0.004;1;46776072;0;0;0;0;0;0;0;0;0;46775000;37.34964509;-121.93067126;-8.30181885;0.00000000;0.00000000;3.79009247;3.45754623;
46776158;12.3;27.4;0;0;0;-58.6;-0.33;0;0;0;0;0.001;0;0;0;0.0001;2;2;0;0;76;0;0;46776072;0;0;0;0.0001;0.932;62.105;0;-0.6;0;0.004;0.004;1;46776072;0;0;0;0;0;0;0;0;0;46775000;37.34964509;-121.93067126;-8.30181885;0.00000000;0.00000000;3.79009247;3.45754623;
46776225;12.3;27.4;0;0;0;-58.8;-0.42;0;0;0;0;0.001;0;0;0;0.0001;2;2;0;0;76;0;0;46776175;0;0;0;0.0001;0.904;60.236;0;2.02;0;0.004;0.004;1;46776189;0;0;0;0;0;0;0;0;0;46775000;37.34964509;-121.93067126;-8.30181885;0.00000000;0.00000000;3.79009247;3.45754623;
46776308;12.4;27.4;0;0;0;-58.1;-0.2;0;0;0;0;0.001;0;0;0;0.0001;2;2;0;0;76;0;0;46776258;0;0;0;0.0001;0.91;60.609;0;1.05;0;0.004;0.004;1;46776258;0;0;0;0;0;0;0;0;0;46775000;37.34964509;-121.93067126;-8.30181885;0.00000000;0.00000000;3.79009247;3.45754623;
46776375;12.3;27.5;0;0;0;-60.7;-0.36;0;0;0;0;0.001;0;0;0;0.0001;2;2;0;0;76;0;0;46776324;0;0;0;0.0001;0.882;58.749;0;0.7;0;0.004;0.004;1;46776342;0;0;0;0;0;0;0;0;0;46775000;37.34964509;-121.93067126;-8.30181885;0.00000000;0.00000000;3.79009247;3.45754623;
46776458;12.2;27.3;0;0;0;-57.6;-0.27;0;0;0;0;0.001;0;0;0;0.0001;2;2;0;0;76;0;0;46776408;0;0;0;0.0001;0.799;53.239;0;-1.42;0;0.004;0.004;1;46776408;0;0;0;0;0;0;0;0;0;46775000;37.34964509;-121.93067126;-8.30181885;0.00000000;0.00000000;3.79009247;3.45754623;
46776525;12.2;27.5;0;0;0;-61.2;-0.27;0;0;0;0;0.001;0;0;0;0.0001;2;2;0;0;76;0;0;46776475;0;0;0;0.0001;0.865;57.639;0;0.02;0;0.004;0.004;1;46776491;0;0;0;0;0;0;0;0;0;46775000;37.34964509;-121.93067126;-8.30181885;0.00000000;0.00000000;3.79009247;3.45754623;
46776609;12.1;27.3;0;0;0;-57.9;-0.34;0;0;0;0;0.001;0;0;0;0.0001;2;2;0;0;76;0;0;46776560;0;0;0;0.0001;0.887;59.121;0;0.74;0;0.004;0.004;1;46776560;0;0;0;0;0;0;0;0;0;46775000;37.34964509;-121.93067126;-8.30181885;0.00000000;0.00000000;3.79009247;3.45754623;
46776676;12.2;27.3;0;0;0;-57.8;-0.34;0;0;0;0;0;0;0;0;0.0001;2;2;0;0;76;0;0;46776610;0;0;0;0.0001;0.871;58.009;0;1.92;0;0.004;0.004;1;46776643;0;0;0;0;0;0;0;0;0;46775000;37.34964509;-121.93067126;-8.30181885;0.00000000;0.00000000;3.79009247;3.45754623;
46776742;12.4;27.6;0;0;0;-62;-0.25;0;0;0;0;0.001;0;0;0;0.0001;2;2;0;0;76;0;0;46776709;0;0;0;0.0001;0.932;62.105;0;-0.91;0;0.004;0.004;1;46776728;0;0;0;0;0;0;0;0;0;46775000;37.34964509;-121.93067126;-8.30181885;0.00000000;0.00000000;3.79009247;3.45754623;
46776793;12.3;27.3;0;0;0;-57.4;-0.35;0;0;0;0;0.001;0;0;0;0.0001;2;2;0;0;76;0;0;46776709;0;0;0;0.0001;0.932;62.105;0;-0.91;0;0.004;0.004;1;46776728;0;0;0;0;0;0;0;0;0;46776000;37.34964208;-121.93067608;-7.99557495;0.00000000;0.00000000;3.79009247;3.95171094;
46776862;12.3;27.4;0;0;0;-58.2;-0.29;0;0;0;0;0.001;0;0;0;0.0001;2;2;0;0;76;0;0;46776793;0;0;0;0.0001;0.871;58.009;0;0.35;0;0.004;0.004;1;46776827;0;0;0;0;0;0;0;0;0;46776000;37.34964208;-121.93067608;-7.99557495;0.00000000;0.00000000;3.79009247;3.95171094;
46776943;12.4;27.5;0;0;0;-63;-0.3;0;0;0;0;0;0;0;0;0.0001;2;2;0;0;76;0;0;46776862;0;0;0;0.0001;0.91;60.609;0;-0.58;0;0.004;0.004;1;46776895;0;0;0;0;0;0;0;0;0;46776000;37.34964208;-121.93067608;-7.99557495;0.00000000;0.00000000;3.79009247;3.95171094;
46777026;12.3;27.4;0;0;0;-58.3;-0.32;0;0;0;0;0.001;0;0;0;0.0001;2;2;0;0;76;0;0;46776944;0;0;0;0.0001;0.882;58.749;0;-1.74;0;0.004;0.004;1;46776979;0;0;0;0;0;0;0;0;0;46776000;37.34964208;-121.93067608;-7.99557495;0.00000000;0.00000000;3.79009247;3.95171094;
46777117;12.2;27.4;0;0;0;-58.3;-0.23;0;0;0;0;0;0;0;0;0.0001;2;2;0;0;76;0;0;46777039;0;0;0;0.0001;0.876;58.379;0;0.12;0;0.004;0.004;1;46777059;0;0;0;0;0;0;0;0;0;46776000;37.34964208;-121.93067608;-7.99557495;0.00000000;0.00000000;3.79009247;3.95171094;
46777213;12.3;27.5;0;0;0;-61.2;-0.37;0;0;0;0;0.001;0;0;0;0.0001;2;2;0;0;76;0;0;46777132;0;0;0;0.0001;0.882;58.749;0;0.75;0;0.004;0.004;1;46777149;0;0;0;0;0;0;0;0;0;46776000;37.34964208;-121.93067608;-7.99557495;0.00000000;0.00000000;3.79009247;3.95171094;
46777276;12.2;27.3;0;0;0;-57.5;-0.29;0;0;0;0;0.001;0;0;0;0.0001;2;2;0;0;76;0;0;46777213;0;0;0;0.0001;0.904;60.236;0;1.34;0;0.004;0.004;1;46777252;0;0;0;0;0;0;0;0;0;46776000;37.34964208;-121.93067608;-7.99557495;0.00000000;0.00000000;3.79009247;3.95171094;
46777337;12.3;27.4;0;0;0;-57.8;-0.25;0;0;0;0;0;0;0;0;0.0001;2;2;0;0;76;0;0;46777277;0;0;0;0.0001;0.848;56.533;0;1.71;0;0.004;0.004;1;46777252;0;0;0;0;0;0;0;0;0;46776000;37.34964208;-121.93067608;-7.99557495;0.00000000;0.00000000;3.79009247;3.95171094;
46777393;12.1;27.6;0;0;0;-103;-0.31;0;0;0;0;0;0;0;0;0.0001;2;2;0;0;76;0;0;46777337;0;0;0;0.0001;0.815;54.333;0;-0.18;0;0.004;0.004;1;46777361;0;0;0;0;0;0;0;0;0;46776000;37.34964208;-121.93067608;-7.99557495;0.00000000;0.00000000;3.79009247;3.95171094;
46777479;12.2;27.7;0;0;0;-102.6;-0.45;0;0;0;0;0.001;0;0;0;0.0001;2;2;0;0;76;0;0;46777393;0;0;0;0.0001;0.876;58.379;0;0.96;0;0.004;0.004;1;46777361;0;0;0;0;0;0;0;0;0;46776000;37.34964208;-121.93067608;-7.99557495;0.00000000;0.00000000;3.79009247;3.95171094;
46777544;12.2;27.4;0;0;0;-58.4;-0.34;0;0;0;0;0.001;0;0;0;0.0001;2;2;0;0;76;0;0;46777480;0;0;0;0.0001;0.893;59.492;0;0.88;0;0.004;0.004;1;46777513;0;0;0;0;0;0;0;0;0;46776000;37.34964208;-121.93067608;-7.99557495;0.00000000;0.00000000;3.79009247;3.95171094;
46777635;12.2;27.7;0;0;0;-66.9;-0.38;0;0;0;0;0.001;0;0;0;0.0001;2;2;0;0;76;0;0;46777564;0;0;0;0.0001;0.882;58.749;0;0.5;0;0.004;0.004;1;46777578;0;0;0;0;0;0;0;0;0;46776000;37.34964208;-121.93067608;-7.99557495;0.00000000;0.00000000;3.79009247;3.95171094;
46777732;12.1;27.4;0;0;0;-57.8;-0.37;0;0;0;0;0;0;0;0;0.0001;2;2;0;0;76;0;0;46777662;0;0;0;0.0001;0.843;56.165;0;-0.39;0;0.004;0.004;1;46777662;0;0;0;0;0;0;0;0;0;46776000;37.34964208;-121.93067608;-7.99557495;0.00000000;0.00000000;3.79009247;3.95171094;
46777816;12.3;27.4;0;0;0;-59.7;-0.41;0;0;0;0;0;0;0;0;0.0001;2;2;0;0;76;0;0;46777733;0;0;0;0.0001;0.915;60.982;0;0.82;0;0.004;0.004;1;46777764;0;0;0;0;0;0;0;0;0;46777000;37.34964253;-121.93067414;-8.36035156;0.00000000;0.00000000;3.92809820;4.20156622;
46777873;12.4;27.4;0;0;0;-59.5;-0.36;0;0;0;0;0.001;0;0;0;0.0001;2;2;0;0;76;0;0;46777816;0;0;0;0.0001;0.848;56.533;0;-0.19;0;0.004;0.004;1;46777848;0;0;0;0;0;0;0;0;0;46777000;37.34964253;-121.93067414;-8.36035156;0.00000000;0.00000000;3.92809820;4.20156622;
46777933;12.3;27.4;0;0;0;-58.9;-0.34;0;0;0;0;0;0;0;0;0.0001;2;2;0;0;76;0;0;46777874;0;0;0;0.0001;0.915;60.982;0;1.37;0;0.004;0.004;1;46777848;0;0;0;0;0;0;0;0;0;46777000;37.34964253;-121.93067414;-8.36035156;0.00000000;0.00000000;3.92809820;4.20156622;
46778023;12.3;27.4;0;0;0;-58.8;-0.25;0;0;0;0;0.001;0;0;0;0.0001;2;2;0;0;76;0;0;46777965;0;0;0;0.0001;0.859;57.27;0;0.14;0;0.004;0.004;1;46777965;0;0;0;0;0;0;0;0;0;46777000;37.34964253;-121.93067414;-8.36035156;0.00000000;0.00000000;3.92809820;4.20156622;
46778082;12.4;27.4;0;0;0;-59.1;-0.34;0;0;0;0;0.001;0;0;0;0.0001;2;2;0;0;76;0;0;46778023;0;0;0;0.0001;0.859;57.27;0;1.09;0;0.004;0.004;1;46778050;0;0;0;0;0;0;0;0;0;46777000;37.34964253;-121.93067414;-8.36035156;0.00000000;0.00000000;3.92809820;4.20156622;
46778168;12.2;27.4;0;0;0;-58.8;-0.25;0;0;0;0;0.001;0;0;0;0.0001;2;2;0;0;76;0;0;46778116;0;0;0;0.0001;0.859;57.27;0;0.39;0;0.004;0.004;1;46778116;0;0;0;0;0;0;0;0;0;46777000;37.34964253;-121.93067414;-8.36035156;0.00000000;0.00000000;3.92809820;4.20156622;
46778237;12.3;27.4;0;0;0;-59;-0.27;0;0;0;0;0.001;0;0;0;0.0001;2;2;0;0;76;0;0;46778184;0;0;0;0.0001;0.926;61.73;0;0;0;0.004;0.004;1;46778200;0;0;0;0;0;0;0;0;0;46777000;37.34964253;-121.93067414;-8.36035156;0.00000000;0.00000000;3.92809820;4.20156622;
46778326;12.3;27.5;0;0;0;-62.1;-0.21;0;0;0;0;0.001;0;0;0;0.0001;2;2;0;0;76;0;0;46778267;0;0;0;0.0001;0.871;58.009;0;-1.56;0;0.004;0.004;1;46778267;0;0;0;0;0;0;0;0;0;46777000;37.34964253;-121.93067414;-8.36035156;0.00000000;0.00000000;3.92809820;4.20156622;
46778393;12.2;27.4;0;0;0;-60;-0.38;0;0;0;0;0;0;0;0;0.0001;2;2;0;0;76;0;0;46778327;0;0;0;0.0001;0.882;58.749;0;0.41;0;0.004;0.004;1;46778350;0;0;0;0;0;0;0;0;0;46777000;37.34964253;-121.93067414;-8.36035156;0.00000000;0.00000000;3.92809820;4.20156622;
46778468;12.3;27.5;0;0;0;-61.8;-0.39;0;0;0;0;0.001;0;0;0;0.0001;2;2;0;0;76;0;0;46778407;0;0;0;0.0001;0.893;59.492;0;2.27;0;0.004;0.004;1;46778407;0;0;0;0;0;0;0;0;0;46777000;37.34964253;-121.93067414;-8.36035156;0.00000000;0.00000000;3.92809820;4.20156622;
46778569;12.3;27.4;0;0;0;-59;-0.42;0;0;0;0;0;0;0;0;0.0001;2;2;0;0;76;0;0;46778483;0;0;0;0.0001;0.898;59.864;0;1.07;0;0.004;0.004;1;46778500;0;0;0;0;0;0;0;0;0;46777000;37.34964253;-121.93067414;-8.36035156;0.00000000;0.00000000;3.92809820;4.20156622;
46778657;12.3;27.5;0;0;0;-60.7;-0.35;0;0;0;0;0.001;0;0;0;0.0001;2;2;0;0;76;0;0;46778570;0;0;0;0.0001;0.91;60.609;0;0.4;0;0.004;0.004;1;46778604;0;0;0;0;0;0;0;0;0;46777000;37.34964253;-121.93067414;-8.36035156;0.00000000;0.00000000;3.92809820;4.20156622;
46778709;12.3;27.3;0;0;0;-58.5;-0.26;0;0;0;0;0;0;0;0;0.0001;2;2;0;0;76;0;0;46778658;0;0;0;0.0001;0.887;59.121;0;0.68;0;0.004;0.004;1;46778676;0;0;0;0;0;0;0;0;0;46777000;37.34964253;-121.93067414;-8.36035156;0.00000000;0.00000000;3.92809820;4.20156622;
46778768;12.3;27.4;0;0;0;-59.9;-0.34;0;0;0;0;0;0;0;0;0.0001;2;2;0;0;76;0;0;46778743;0;0;0;0.0001;0.938;62.48;0;0.55;0;0.004;0.004;1;46778743;0;0;0;0;0;0;0;0;0;46778000;37.34964504;-121.93067040;-8.54898071;0.00000000;0.00000000;4.05262470;4.29145336;
46778869;12.1;27.3;0;0;0;-57.8;-0.28;0;0;0;0;0;0;0;0;0.0001;2;2;0;0;76;0;0;46778834;0;0;0;0.0001;0.915;60.982;0;-0.99;0;0.004;0.004;1;46778834;0;0;0;0;0;0;0;0;0;46778000;37.34964504;-121.93067040;-8.54898071;0.00000000;0.00000000;4.05262470;4.29145336;
46778918;12.3;27.4;0;0;0;-59.5;-0.43;0;0;0;0;0.001;0;0;0;0.0001;2;2;0;0;76;0;0;46778834;0;0;0;0.0001;0.915;60.982;0;-0.99;0;0.004;0.004;1;46778834;0;0;0;0;0;0;0;0;0;46778000;37.34964504;-121.93067040;-8.54898071;0.00000000;0.00000000;4.05262470;4.29145336;
46778984;12.2;27.4;0;0;0;-59;-0.41;0;0;0;0;0.001;0;0;0;0.0001;2;2;0;0;76;0;0;46778935;0;0;0;0.0001;0.848;56.533;0;-1.4;0;0.004;0.004;1;46778952;0;0;0;0;0;0;0;0;0;46778000;37.34964504;-121.93067040;-8.54898071;0.00000000;0.00000000;4.05262470;4.29145336;
46779067;12.3;27.4;0;0;0;-57.9;-0.21;0;0;0;0;0;0;0;0;0.0001;2;2;0;0;76;0;0;46779017;0;0;0;0.0001;0.887;59.121;0;-0.87;0;0.004;0.004;1;46779017;0;0;0;0;0;0;0;0;0;46778000;37.34964504;-121.93067040;-8.54898071;0.00000000;0.00000000;4.05262470;4.29145336;
46779135;12.2;27.3;0;0;0;-57.5;-0.25;0;0;0;0;0.001;0;0;0;0.0001;2;2;0;0;76;0;0;46779084;0;0;0;0.0001;0.882;58.749;0;1.16;0;0.004;0.004;1;46779100;0;0;0;0;0;0;0;0;0;46778000;37.34964504;-121.93067040;-8.54898071;0.00000000;0.00000000;4.05262470;4.29145336;
46779217;12.3;27.5;0;0;0;-61.5;-0.25;0;0;0;0;0;0;0;0;0.0001;2;2;0;0;76;0;0;46779168;0;0;0;0.0001;0.887;59.121;0;-1.39;0;0.004;0.004;1;46779168;0;0;0;0;0;0;0;0;0;46778000;37.34964504;-121.93067040;-8.54898071;0.00000000;0.00000000;4.05262470;4.29145336;
46779285;12.2;27.3;0;0;0;-57.5;-0.33;0;0;0;0;0.001;0;0;0;0.0001;2;2;0;0;76;0;0;46779235;0;0;0;0.0001;0.921;61.356;0;0.06;0;0.004;0.004;1;46779250;0;0;0;0;0;0;0;0;0;46778000;37.34964504;-121.93067040;-8.54898071;0.00000000;0.00000000;4.05262470;4.29145336;
46779369;12.1;27.4;0;0;0;-59.7;-0.24;0;0;0;0;0;0;0;0;0.0001;2;2;0;0;76;0;0;46779319;0;0;0;0.0001;0.854;56.901;0;0.98;0;0.004;0.004;1;46779319;0;0;0;0;0;0;0;0;0;46778000;37.34964504;-121.93067040;-8.54898071;0.00000000;0.00000000;4.05262470;4.29145336;
46779437;12.1;27.3;0;0;0;-57.2;-0.41;0;0;0;0;0.001;0;0;0;0.0001;2;2;0;0;76;0;0;46779370;0;0;0;0.0001;0.949;63.232;0;1.88;0;0.004;0.004;1;46779402;0;0;0;0;0;0;0;0;0;46778000;37.34964504;-121.93067040;-8.54898071;0.00000000;0.00000000;4.05262470;4.29145336;
46779520;12.1;27.5;0;0;0;-71.9;-0.33;0;0;0;0;0;0;0;0;0.0001;2;2;0;0;76;0;0;46779469;0;0;0;0.0001;0.955;63.608;0;2.44;0;0.004;0.004;1;46779469;0;0;0;0;0;0;0;0;0;46778000;37.34964504;-121.93067040;-8.54898071;0.00000000;0.00000000;4.05262470;4.29145336;
46779605;12.1;27.5;0;0;0;-80.4;-0.13;0;0;0;0;0.001;0;0;0;0.0001;2;2;0;0;76;0;0;46779520;0;0;0;0.0001;0.848;56.533;0;-1.23;0;0.004;0.004;1;46779552;0;0;0;0;0;0;0;0;0;46778000;37.34964504;-121.93067040;-8.54898071;0.00000000;0.00000000;4.05262470;4.29145336;
46779704;12.3;27.5;0;0;0;-61.8;-0.27;0;0;0;0;0.001;0;0;0;0.0001;2;2;0;0;76;0;0;46779619;0;0;0;0.0001;0.832;55.431;0;1.34;0;0.004;0.004;1;46779635;0;0;0;0;0;0;0;0;0;46778000;37.34964504;-121.93067040;-8.54898071;0.00000000;0.00000000;4.05262470;4.29145336;
46779787;12.3;27.4;0;0;0;-58.4;-0.32;0;0;0;0;0;0;0;0;0.0001;2;2;0;0;76;0;0;46779738;0;0;0;0.0001;0.854;56.901;0;0.74;0;0.004;0.004;1;46779739;0;0;0;0;0;0;0;0;0;46779000;37.34964631;-121.93067431;-8.36929321;0.00000000;0.00000000;4.58297014;4.62871170;
46779888;12.2;27.4;0;0;0;-58.1;-0.25;0;0;0;0;0.001;0;0;0;0.0001;2;2;0;0;76;0;0;46779804;0;0;0;0.0001;0.932;62.105;0;1.38;0;0.004;0.004;1;46779821;0;0;0;0;0;0;0;0;0;46779000;37.34964631;-121.93067431;-8.36929321;0.00000000;0.00000000;4.58297014;4.62871170;
46779971;12.1;27.6;0;0;0;-63;-0.31;0;0;0;0;0.001;0;0;0;0.0001;2;2;0;0;76;0;0;46779888;0;0;0;0.0001;0.932;62.105;0;0.45;0;0.004;0.004;1;46779937;0;0;0;0;0;0;0;0;0;46779000;37.34964631;-121.93067431;-8.36929321;0.00000000;0.00000000;4.58297014;4.62871170;
46780037;12.4;27.4;0;0;0;-61.5;-0.2;0;0;0;0;0.001;0;0;0;0.0001;2;2;0;0;76;0;0;46780004;0;0;0;0.0001;0.938;62.48;0;-0.21;0;0.004;0.004;1;46780004;0;0;0;0;0;0;0;0;0;46779000;37.34964631;-121.93067431;-8.36929321;0.00000000;0.00000000;4.58297014;4.62871170;
46780089;12.3;27.4;0;0;0;-59.8;-0.38;0;0;0;0;0.001;0;0;0;0.0001;2;2;0;0;76;0;0;46780004;0;0;0;0.0001;0.938;62.48;0;-0.21;0;0.004;0.004;1;46780004;0;0;0;0;0;0;0;0;0;46779000;37.34964631;-121.93067431;-8.36929321;0.00000000;0.00000000;4.58297014;4.62871170;
46780156;12.2;27.4;0;0;0;-58.6;-0.24;0;0;0;0;0.001;0;0;0;0.0001;2;2;0;0;76;0;0;46780090;0;0;0;0.0001;0.932;62.105;0;1.52;0;0.004;0.004;1;46780122;0;0;0;0;0;0;0;0;0;46779000;37.34964631;-121.93067431;-8.36929321;0.00000000;0.00000000;4.58297014;4.62871170;
46780239;12.3;27.5;0;0;0;-60.9;-0.3;0;0;0;0;0.001;0;0;0;0.0001;2;2;0;0;76;0;0;46780189;0;0;0;0.0001;0.837;55.798;0;0.75;0;0.004;0.004;1;46780189;0;0;0;0;0;0;0;0;0;46779000;37.34964631;-121.93067431;-8.36929321;0.00000000;0.00000000;4.58297014;4.62871170;
46780307;12.2;27.4;0;0;0;-58.7;-0.28;0;0;0;0;0.001;0;0;0;0.0001;2;2;0;0;76;0;0;46780240;0;0;0;0.0001;0.915;60.982;0;1.94;0;0.004;0.004;1;46780272;0;0;0;0;0;0;0;0;0;46779000;37.34964631;-121.93067431;-8.36929321;0.00000000;0.00000000;4.58297014;4.62871170;
46780389;12.3;27.5;0;0;0;-62.3;-0.27;0;0;0;0;0.001;0;0;0;0.0001;2;2;0;0;76;0;0;46780342;0;0;0;0.0001;0.887;59.121;0;2.07;0;0.004;0.004;1;46780342;0;0;0;0;0;0;0;0;0;46779000;37.34964631;-121.93067431;-8.36929321;0.00000000;0.00000000;4.58297014;4.62871170;
46780457;12.2;27.4;0;0;0;-58.1;-0.37;0;0;0;0;0.001;0;0;0;0.0001;2;2;0;0;76;0;0;46780390;0;0;0;0.0001;0.871;58.009;0;1.06;0;0.004;0.004;1;46780425;0;0;0;0;0;0;0;0;0;46779000;37.34964631;-121.93067431;-8.36929321;0.00000000;0.00000000;4.58297014;4.62871170;
46780523;12.4;27.6;0;0;0;-84.6;-0.29;0;0;0;0;0.001;0;0;0;0.0001;2;2;0;0;76;0;0;46780457;0;0;0;0.0001;0.882;58.749;0;1.16;0;0.004;0.004;1;46780425;0;0;0;0;0;0;0;0;0;46779000;37.34964631;-121.93067431;-8.36929321;0.00000000;0.00000000;4.58297014;4.62871170;
46780568;12.2;27.4;0;0;0;-58.3;-0.29;0;0;0;0;0;0;0;0;0.0001;2;2;0;0;76;0;0;46780524;0;0;0;0.0001;0.893;59.492;0;1.36;0;0.004;0.004;1;46780539;0;0;0;0;0;0;0;0;0;46779000;37.34964631;-121.93067431;-8.36929321;0.00000000;0.00000000;4.58297014;4.62871170;
46780658;12.4;27.4;0;0;0;-59.4;-0.38;0;0;0;0;0.001;0;0;0;0.0001;2;2;0;0;76;0;0;46780569;0;0;0;0.0001;0.859;57.27;0;-0.94;0;0.004;0.004;1;46780539;0;0;0;0;0;0;0;0;0;46779000;37.34964631;-121.93067431;-8.36929321;0.00000000;0.00000000;4.58297014;4.62871170;
46780758;12.2;27.4;0;0;0;-58.4;-0.33;0;0;0;0;0.001;0;0;0;0.0001;2;2;0;0;76;0;0;46780675;0;0;0;0.0001;0.893;59.492;0;1.07;0;0.004;0.004;1;46780692;0;0;0;0;0;0;0;0;0;46780000;37.34964692;-121.93067547;-8.37292480;0.00000000;0.00000000;4.69855595;4.55954456;
46780807;12.1;27.4;0;0;0;-60;-0.2;0;0;0;0;0;0;0;0;0.0001;2;2;0;0;76;0;0;46780758;0;0;0;0.0001;0.904;60.236;0;1.08;0;0.004;0.004;1;46780791;0;0;0;0;0;0;0;0;0;46780000;37.34964692;-121.93067547;-8.37292480;0.00000000;0.00000000;4.69855595;4.55954456;
46780927;12.3;27.4;0;0;0;-59.8;-0.21;0;0;0;0;0;0;0;0;0.0001;2;2;0;0;76;0;0;46780825;0;0;0;0.0001;0.904;60.236;0;-0.31;0;0.004;0.004;1;46780926;0;0;0;0;0;0;0;0;0;46780000;37.34964692;-121.93067547;-8.37292480;0.00000000;0.00000000;4.69855595;4.55954456;
46780992;12.1;27.4;0;0;0;-59.2;-0.26;0;0;0;0;0.001;0;0;0;0.0001;2;2;0;0;76;0;0;46780943;0;0;0;0.0001;0.821;54.698;0;-0.88;0;0.004;0.004;1;46780926;0;0;0;0;0;0;0;0;0;46780000;37.34964692;-121.93067547;-8.37292480;0.00000000;0.00000000;4.69855595;4.55954456;
46781063;12.3;27.4;0;0;0;-63.4;-0.3;0;0;0;0;0.001;0;0;0;0.0001;2;2;0;0;76;0;0;46780992;0;0;0;0.0001;0.926;61.73;0;0.45;0;0.004;0.004;1;46781029;0;0;0;0;0;0;0;0;0;46780000;37.34964692;-121.93067547;-8.37292480;0.00000000;0.00000000;4.69855595;4.55954456;
46781111;12.2;27.4;0;0;0;-61.7;-0.22;0;0;0;0;0.001;0;0;0;0.0001;2;2;0;0;76;0;0;46781063;0;0;0;0.0001;0.837;55.798;0;-0.23;0;0.004;0.004;1;46781029;0;0;0;0;0;0;0;0;0;46780000;37.34964692;-121.93067547;-8.37292480;0.00000000;0.00000000;4.69855595;4.55954456;
46781179;12.1;27.4;0;0;0;-58.8;-0.3;0;0;0;0;0.001;0;0;0;0.0001;2;2;0;0;76;0;0;46781111;0;0;0;0.0001;0.949;63.232;0;1.29;0;0.004;0.004;1;46781143;0;0;0;0;0;0;0;0;0;46780000;37.34964692;-121.93067547;-8.37292480;0.00000000;0.00000000;4.69855595;4.55954456;
46781244;12.1;27.4;0;0;0;-75.6;-0.37;0;0;0;0;0;0;0;0;0.0001;2;2;0;0;76;0;0;46781179;0;0;0;0.0001;0.943;62.856;0;0.21;0;0.004;0.004;1;46781143;0;0;0;0;0;0;0;0;0;46780000;37.34964692;-121.93067547;-8.37292480;0.00000000;0.00000000;4.69855595;4.55954456;
46781361;12.3;27.5;0;0;0;-60.2;-0.28;0;0;0;0;0;0;0;0;0.0001;2;2;0;0;76;0;0;46781244;0;0;0;0.0001;0.955;63.608;0;1.54;0;0.004;0.004;1;46781327;0;0;0;0;0;0;0;0;0;46780000;37.34964692;-121.93067547;-8.37292480;0.00000000;0.00000000;4.69855595;4.55954456;
46781427;12.3;27.4;0;0;0;-59;-0.35;0;0;0;0;0.001;0;0;0;0.0001;2;2;0;0;76;0;0;46781361;0;0;0;0.0001;0.848;56.533;0;-1.16;0;0.004;0.004;1;46781327;0;0;0;0;0;0;0;0;0;46780000;37.34964692;-121.93067547;-8.37292480;0.00000000;0.00000000;4.69855595;4.55954456;
46781467;12.1;27.4;0;0;0;-59;-0.36;0;0;0;0;0.001;0;0;0;0.0001;2;2;0;0;76;0;0;46781428;0;0;0;0.0001;0.876;58.379;0;-0.53;0;0.004;0.004;1;46781443;0;0;0;0;0;0;0;0;0;46780000;37.34964692;-121.93067547;-8.37292480;0.00000000;0.00000000;4.69855595;4.55954456;
46781581;12.4;27.4;0;0;0;-59.5;-0.35;0;0;0;0;0.001;0;0;0;0.0001;2;2;0;0;76;0;0;46781498;0;0;0;0.0001;0.871;58.009;0;0.84;0;0.004;0.004;1;46781443;0;0;0;0;0;0;0;0;0;46780000;37.34964692;-121.93067547;-8.37292480;0.00000000;0.00000000;4.69855595;4.55954456;
46781663;12.3;27.4;0;0;0;-58.3;-0.37;0;0;0;0;0.001;0;0;0;0.0001;2;2;0;0;76;0;0;46781582;0;0;0;0.0001;0.915;60.982;0;-1.66;0;0.004;0.004;1;46781612;0;0;0;0;0;0;0;0;0;46780000;37.34964692;-121.93067547;-8.37292480;0.00000000;0.00000000;4.69855595;4.55954456;
46781747;12.3;27.3;0;0;0;-57.9;-0.27;0;0;0;0;0;0;0;0;0.0001;2;2;0;0;76;0;0;46781663;0;0;0;0.0001;0.848;56.533;0;-0.31;0;0.004;0.004;1;46781677;0;0;0;0;0;0;0;0;0;46780000;37.34964692;-121.93067547;-8.37292480;0.00000000;0.00000000;4.69855595;4.55954456;
46781814;12.2;27.4;0;0;0;-57.4;-0.27;0;0;0;0;0.001;0;0;0;0.0001;2;2;0;0;76;0;0;46781748;0;0;0;0.0001;0.915;60.982;0;1.61;0;0.004;0.004;1;46781781;0;0;0;0;0;0;0;0;0;46781000;37.34964883;-121.93068303;-8.62393188;0.00000000;0.00000000;10.45385742;4.63836432;
46781868;12.3;27.4;0;0;0;-57.5;-0.39;0;0;0;0;0;0;0;0;0.0001;2;2;0;0;76;0;0;46781814;0;0;0;0.0001;0.887;59.121;0;0.73;0;0.004;0.004;1;46781781;0;0;0;0;0;0;0;0;0;46781000;37.34964883;-121.93068303;-8.62393188;0.00000000;0.00000000;10.45385742;4.63836432;
46781983;12.1;27.3;0;0;0;-57.4;-0.3;0;0;0;0;0.001;0;0;0;0.0001;2;2;0;0;76;0;0;46781868;0;0;0;0.0001;0.871;58.009;0;0.91;0;0.004;0.004;1;46781915;0;0;0;0;0;0;0;0;0;46781000;37.34964883;-121.93068303;-8.62393188;0.00000000;0.00000000;10.45385742;4.63836432;
46782048;12.1;27.5;0;0;0;-59.4;-0.4;0;0;0;0;0.001;0;0;0;0.0001;2;2;0;0;76;0;0;46781983;0;0;0;0.0001;0.848;56.533;0;-0.42;0;0.004;0.004;1;46782014;0;0;0;0;0;0;0;0;0;46781000;37.34964883;-121.93068303;-8.62393188;0.00000000;0.00000000;10.45385742;4.63836432;
46782132;12.1;27.4;0;0;0;-59.7;-0.37;0;0;0;0;0.001;0;0;0;0.0001;2;2;0;0;76;0;0;46782049;0;0;0;0.0001;0.915;60.982;0;1.98;0;0.004;0.004;1;46782014;0;0;0;0;0;0;0;0;0;46781000;37.34964883;-121.93068303;-8.62393188;0.00000000;0.00000000;10.45385742;4.63836432;
46782218;12.2;27.4;0;0;0;-58.8;-0.37;0;0;0;0;0.001;0;0;0;0.0001;2;2;0;0;76;0;0;46782133;0;0;0;0.0001;0.859;57.27;0;1.46;0;0.004;0.004;1;46782164;0;0;0;0;0;0;0;0;0;46781000;37.34964883;-121.93068303;-8.62393188;0.00000000;0.00000000;10.45385742;4.63836432;
46782349;12.1;27.4;0;0;0;-58.2;-0.31;0;0;0;0;0.001;0;0;0;0.0001;2;2;0;0;76;0;0;46782249;0;0;0;0.0001;0.932;62.105;0;1.42;0;0.004;0.004;1;46782249;0;0;0;0;0;0;0;0;0;46781000;37.34964883;-121.93068303;-8.62393188;0.00000000;0.00000000;10.45385742;4.63836432;
46782431;12.2;27.4;0;0;0;-61.8;-0.35;0;0;0;0;0.001;0;0;0;0.0001;2;2;0;0;76;0;0;46782367;0;0;0;0.0001;0.865;57.639;0;-0.91;0;0.004;0.004;1;46782382;0;0;0;0;0;0;0;0;0;46781000;37.34964883;-121.93068303;-8.62393188;0.00000000;0.00000000;10.45385742;4.63836432;
46782498;12.3;27.3;0;0;0;-57.7;-0.25;0;0;0;0;0.001;0;0;0;0.0001;2;2;0;0;76;0;0;46782367;0;0;0;0.0001;0.865;57.639;0;-0.91;0;0.004;0.004;1;46782382;0;0;0;0;0;0;0;0;0;46781000;37.34964883;-121.93068303;-8.62393188;0.00000000;0.00000000;10.45385742;4.63836432;
46782582;12.2;27.5;0;0;0;-59.5;-0.32;0;0;0;0;0.001;0;0;0;0.0001;2;2;0;0;76;0;0;46782499;0;0;0;0.0001;0.848;56.533;0;0.65;0;0.004;0.004;1;46782532;0;0;0;0;0;0;0;0;0;46781000;37.34964883;-121.93068303;-8.62393188;0.00000000;0.00000000;10.45385742;4.63836432;
46782650;12.3;27.4;0;0;0;-58.5;-0.36;0;0;0;0;0.001;0;0;0;0.0001;2;2;0;0;76;0;0;46782582;0;0;0;0.0001;0.893;59.492;0;1.33;0;0.004;0.004;1;46782649;0;0;0;0;0;0;0;0;0;46781000;37.34964883;-121.93068303;-8.62393188;0.00000000;0.00000000;10.45385742;4.63836432;
46782738;12.3;27.3;0;0;0;-57.3;-0.34;0;0;0;0;0.001;0;0;0;0.0001;2;2;0;0;76;0;0;46782666;0;0;0;0.0001;0.871;58.009;0;-0.83;0;0.004;0.004;1;46782649;0;0;0;0;0;0;0;0;0;46781000;37.34964883;-121.93068303;-8.62393188;0.00000000;0.00000000;10.45385742;4.63836432;
46782804;12.2;27.5;0;0;0;-59.8;-0.26;0;0;0;0;0.001;0;0;0;0.0001;2;2;0;0;76;0;0;46782739;0;0;0;0.0001;0.882;58.749;0;1.99;0;0.004;0.004;1;46782758;0;0;0;0;0;0;0;0;0;46782000;37.34964907;-121.93068300;-8.98452759;0.00000000;0.00000000;10.35814857;4.56758928;
46782868;12.3;27.3;0;0;0;-57.7;-0.3;0;0;0;0;0.001;0;0;0;0.0001;2;2;0;0;76;0;0;46782804;0;0;0;0.0001;0.893;59.492;0;1.21;0;0.004;0.004;1;46782758;0;0;0;0;0;0;0;0;0;46782000;37.34964907;-121.93068300;-8.98452759;0.00000000;0.00000000;10.35814857;4.56758928;
46782913;12.4;27.4;0;0;0;-60;-0.19;0;0;0;0;0.001;0;0;0;0.0001;2;2;0;0;76;0;0;46782869;0;0;0;0.0001;0.859;57.27;0;-1.35;0;0.004;0.004;1;46782887;0;0;0;0;0;0;0;0;0;46782000;37.34964907;-121.93068300;-8.98452759;0.00000000;0.00000000;10.35814857;4.56758928;
46783000;12.1;27.6;0;0;0;-67.4;-0.3;0;0;0;0;0.001;0;0;0;0.0001;2;2;0;0;76;0;0;46782914;0;0;0;0.0001;0.887;59.121;0;0.82;0;0.004;0.004;1;46782887;0;0;0;0;0;0;0;0;0;46782000;37.34964907;-121.93068300;-8.98452759;0.00000000;0.00000000;10.35814857;4.56758928;
46783120;12.4;27.5;0;0;0;-59.4;-0.32;0;0;0;0;0.001;0;0;0;0.0001;2;2;0;0;76;0;0;46783001;0;0;0;0.0001;0.882;58.749;0;0.78;0;0.004;0.004;1;46783035;0;0;0;0;0;0;0;0;0;46782000;37.34964907;-121.93068300;-8.98452759;0.00000000;0.00000000;10.35814857;4.56758928;
46783218;12.1;27.5;0;0;0;-60.6;-0.31;0;0;0;0;0.001;0;0;0;0.0001;2;2;0;0;76;0;0;46783120;0;0;0;0.0001;0.926;61.73;0;0.21;0;0.004;0.004;1;46783151;0;0;0;0;0;0;0;0;0;46782000;37.34964907;-121.93068300;-8.98452759;0.00000000;0.00000000;10.35814857;4.56758928;
46783287;12.4;27.9;0;0;0;-92.4;-0.3;0;0;0;0;0.001;0;0;0;0.0001;2;2;0;0;76;0;0;46783219;0;0;0;0.0001;0.915;60.982;0;1.08;0;0.004;0.004;1;46783252;0;0;0;0;0;0;0;0;0;46782000;37.34964907;-121.93068300;-8.98452759;0.00000000;0.00000000;10.35814857;4.56758928;
46783354;12.4;27.5;0;0;0;-70;-0.29;0;0;0;0;0.001;0;0;0;0.0001;2;2;0;0;76;0;0;46783288;0;0;0;0.0001;0.898;59.864;0;-0.11;0;0.004;0.004;1;46783252;0;0;0;0;0;0;0;0;0;46782000;37.34964907;-121.93068300;-8.98452759;0.00000000;0.00000000;10.35814857;4.56758928;
46783419;12.3;28;0;0;0;-104.4;-0.22;0;0;0;0;0.001;0;0;0;0.0001;2;2;0;0;76;0;0;46783373;0;0;0;0.0001;0.871;58.009;0;-0.59;0;0.004;0.004;1;46783373;0;0;0;0;0;0;0;0;0;46782000;37.34964907;-121.93068300;-8.98452759;0.00000000;0.00000000;10.35814857;4.56758928;
46783521;12.1;27.4;0;0;0;-59.3;-0.31;0;0;0;0;0.001;0;0;0;0.0001;2;2;0;0;76;0;0;46783456;0;0;0;0.0001;0.837;55.798;0;-0.5;0;0.004;0.004;1;46783456;0;0;0;0;0;0;0;0;0;46782000;37.34964907;-121.93068300;-8.98452759;0.00000000;0.00000000;10.35814857;4.56758928;
46783587;12.3;27.7;0;0;0;-99.7;-0.12;0;0;0;0;0;0;0;0;0.0001;2;2;0;0;76;0;0;46783521;0;0;0;0.0001;0.887;59.121;0;1.92;0;0.004;0.004;1;46783557;0;0;0;0;0;0;0;0;0;46782000;37.34964907;-121.93068300;-8.98452759;0.00000000;0.00000000;10.35814857;4.56758928;
46783626;12.1;27.4;0;0;0;-60.3;-0.28;0;0;0;0;0;0;0;0;0.0001;2;2;0;0;76;0;0;46783588;0;0;0;0.0001;0.887;59.121;0;0.86;0;0.004;0.004;1;46783557;0;0;0;0;0;0;0;0;0;46782000;37.34964907;-121.93068300;-8.98452759;0.00000000;0.00000000;10.35814857;4.56758928;
46783719;12.1;27.3;0;0;0;-57;-0.36;0;0;0;0;0;0;0;0;0.0001;2;2;0;0;76;0;0;46783663;0;0;0;0.0001;0.871;58.009;0;0.31;0;0.004;0.004;1;46783663;0;0;0;0;0;0;0;0;0;46782000;37.34964907;-121.93068300;-8.98452759;0.00000000;0.00000000;10.35814857;4.56758928;
46783822;12.1;27.3;0;0;0;-58.4;-0.23;0;0;0;0;0.001;0;0;0;0.0001;2;2;0;0;76;0;0;46783663;0;0;0;0.0001;0.871;58.009;0;0.31;0;0.004;0.004;1;46783663;0;0;0;0;0;0;0;0;0;46783000;37.34965220;-121.93067867;-9.06713867;0.00000000;0.00000000;10.46089363;4.84016228;
46783924;12.4;27.9;0;0;0;-119.1;-0.28;0;0;0;0;0;0;0;0;0.0001;2;2;0;0;76;0;0;46783822;0;0;0;0.0001;0.871;58.009;0;-0.15;0;0.004;0.004;1;46783842;0;0;0;0;0;0;0;0;0;46783000;37.34965220;-121.93067867;-9.06713867;0.00000000;0.00000000;10.46089363;4.84016228;
46784045;12.3;27.6;0;0;0;-67.1;-0.36;0;0;0;0;0.001;0;0;0;0.0001;2;2;0;0;76;0;0;46783924;0;0;0;0.0001;0.915;60.982;0;1;0;0.004;0.004;1;46783957;0;0;0;0;0;0;0;0;0;46783000;37.34965220;-121.93067867;-9.06713867;0.00000000;0.00000000;10.46089363;4.84016228;
46784128;12.2;27.4;0;0;0;-57.9;-0.3;0;0;0;0;0.001;0;0;0;0.0001;2;2;0;0;76;0;0;46784046;0;0;0;0.0001;0.876;58.379;0;-0.74;0;0.004;0.004;1;46784074;0;0;0;0;0;0;0;0;0;46783000;37.34965220;-121.93067867;-9.06713867;0.00000000;0.00000000;10.46089363;4.84016228;
46784178;12.3;27.9;0;0;0;-100.9;-0.21;0;0;0;0;0.001;0;0;0;0.0001;2;2;0;0;76;0;0;46784157;0;0;0;0.0001;0.882;58.749;0;-0.25;0;0.004;0.004;1;46784158;0;0;0;0;0;0;0;0;0;46783000;37.34965220;-121.93067867;-9.06713867;0.00000000;0.00000000;10.46089363;4.84016228;
46784228;12.2;27.4;0;0;0;-79;-0.33;0;0;0;0;0.001;0;0;0;0.0001;2;2;0;0;76;0;0;46784157;0;0;0;0.0001;0.882;58.749;0;-0.25;0;0.004;0.004;1;46784158;0;0;0;0;0;0;0;0;0;46783000;37.34965220;-121.93067867;-9.06713867;0.00000000;0.00000000;10.46089363;4.84016228;
46784323;12.1;27.4;0;0;0;-59.8;-0.36;0;0;0;0;0.001;0;0;0;0.0001;2;2;0;0;76;0;0;46784256;0;0;0;0.0001;0.904;60.236;0;1.69;0;0.004;0.004;1;46784274;0;0;0;0;0;0;0;0;0;46783000;37.34965220;-121.93067867;-9.06713867;0.00000000;0.00000000;10.46089363;4.84016228;
46784395;12.3;27.8;0;0;0;-84.2;-0.31;0;0;0;0;0.001;0;0;0;0.0001;2;2;0;0;76;0;0;46784323;0;0;0;0.0001;0.921;61.356;0;1.32;0;0.004;0.004;1;46784365;0;0;0;0;0;0;0;0;0;46783000;37.34965220;-121.93067867;-9.06713867;0.00000000;0.00000000;10.46089363;4.84016228;
46784449;12.1;27.5;0;0;0;-72.1;-0.33;0;0;0;0;0.001;0;0;0;0.0001;2;2;0;0;76;0;0;46784396;0;0;0;0.0001;0.887;59.121;0;-0.31;0;0.004;0.004;1;46784365;0;0;0;0;0;0;0;0;0;46783000;37.34965220;-121.93067867;-9.06713867;0.00000000;0.00000000;10.46089363;4.84016228;
46784507;12.2;27.7;0;0;0;-72.2;-0.33;0;0;0;0;0.001;0;0;0;0.0001;2;2;0;0;76;0;0;46784472;0;0;0;0.0001;0.876;58.379;0;-0.2;0;0.004;0.004;1;46784472;0;0;0;0;0;0;0;0;0;46783000;37.34965220;-121.93067867;-9.06713867;0.00000000;0.00000000;10.46089363;4.84016228;
46784590;12.1;27.4;0;0;0;-58.9;-0.27;0;0;0;0;0;0;0;0;0.0001;2;2;0;0;76;0;0;46784539;0;0;0;0.0001;0.887;59.121;0;-0.57;0;0.004;0.004;1;46784539;0;0;0;0;0;0;0;0;0;46783000;37.34965220;-121.93067867;-9.06713867;0.00000000;0.00000000;10.46089363;4.84016228;
46784656;12.2;27.9;0;0;0;-91.1;-0.28;0;0;0;0;0.001;0;0;0;0.0001;2;2;0;0;76;0;0;46784591;0;0;0;0.0001;0.876;58.379;0;-0.2;0;0.004;0.004;1;46784624;0;0;0;0;0;0;0;0;0;46783000;37.34965220;-121.93067867;-9.06713867;0.00000000;0.00000000;10.46089363;4.84016228;
46784739;12.2;27.4;0;0;0;-59.4;-0.33;0;0;0;0;0.001;0;0;0;0.0001;2;2;0;0;76;0;0;46784689;0;0;0;0.0001;0.859;57.27;0;-1.19;0;0.004;0.004;1;46784690;0;0;0;0;0;0;0;0;0;46783000;37.34965220;-121.93067867;-9.06713867;0.00000000;0.00000000;10.46089363;4.84016228;
46784811;12.1;27.9;0;0;0;-119.1;-0.16;0;0;0;0;0.001;0;0;0;0.0001;2;2;0;0;76;0;0;46784740;0;0;0;0.0001;0.865;57.639;0;0.77;0;0.004;0.004;1;46784773;0;0;0;0;0;0;0;0;0;46784000;37.34965392;-121.93067523;-9.03985596;0.00000000;0.00000000;10.28645611;4.65865088;
46784925;12.2;27.8;0;0;0;-107.8;-0.31;0;0;0;0;0;0;0;0;0.0001;2;2;0;0;76;0;0;46784842;0;0;0;0.0001;0.854;56.901;0;-0.13;0;0.004;0.004;1;46784842;0;0;0;0;0;0;0;0;0;46784000;37.34965392;-121.93067523;-9.03985596;0.00000000;0.00000000;10.28645611;4.65865088;
46784985;12.1;27.4;0;0;0;-58.6;-0.22;0;0;0;0;0.001;0;0;0;0.0001;2;2;0;0;76;0;0;46784925;0;0;0;0.0001;0.837;55.798;0;1.39;0;0.004;0.004;1;46784963;0;0;0;0;0;0;0;0;0;46784000;37.34965392;-121.93067523;-9.03985596;0.00000000;0.00000000;10.28645611;4.65865088;
46785046;12.4;27.5;0;0;0;-81.3;-0.3;0;0;0;0;0;0;0;0;0.0001;2;2;0;0;76;0;0;46784985;0;0;0;0.0001;0.921;61.356;0;1.33;0;0.004;0.004;1;46784963;0;0;0;0;0;0;0;0;0;46784000;37.34965392;-121.93067523;-9.03985596;0.00000000;0.00000000;10.28645611;4.65865088;
46785159;12.2;27.5;0;0;0;-60;-0.3;0;0;0;0;0.001;0;0;0;0.0001;2;2;0;0;76;0;0;46785046;0;0;0;0.0001;0.915;60.982;0;0.83;0;0.004;0.004;1;46785077;0;0;0;0;0;0;0;0;0;46784000;37.34965392;-121.93067523;-9.03985596;0.00000000;0.00000000;10.28645611;4.65865088;
46785230;12.2;27.5;0;0;0;-67.2;-0.3;0;0;0;0;0;0;0;0;0.0001;2;2;0;0;76;0;0;46785159;0;0;0;0.0001;0.904;60.236;0;-0.97;0;0.004;0.004;1;46785194;0;0;0;0;0;0;0;0;0;46784000;37.34965392;-121.93067523;-9.03985596;0.00000000;0.00000000;10.28645611;4.65865088;
46785290;12.2;27.5;0;0;0;-60.1;-0.36;0;0;0;0;0.001;0;0;0;0.0001;2;2;0;0;76;0;0;46785231;0;0;0;0.0001;0.848;56.533;0;-0.95;0;0.004;0.004;1;46785194;0;0;0;0;0;0;0;0;0;46784000;37.34965392;-121.93067523;-9.03985596;0.00000000;0.00000000;10.28645611;4.65865088;
46785343;12.2;27.3;0;0;0;-60.5;-0.36;0;0;0;0;0.001;0;0;0;0.0001;2;2;0;0;76;0;0;46785290;0;0;0;0.0001;0.843;56.165;0;-1.48;0;0.004;0.004;1;46785311;0;0;0;0;0;0;0;0;0;46784000;37.34965392;-121.93067523;-9.03985596;0.00000000;0.00000000;10.28645611;4.65865088;
46785428;12.2;27.5;0;0;0;-68.1;-0.27;0;0;0;0;0.001;0;0;0;0.0001;2;2;0;0;76;0;0;46785378;0;0;0;0.0001;0.932;62.105;0;1.91;0;0.004;0.004;1;46785379;0;0;0;0;0;0;0;0;0;46784000;37.34965392;-121.93067523;-9.03985596;0.00000000;0.00000000;10.28645611;4.65865088;
46785496;12.2;27.4;0;0;0;-61.7;-0.28;0;0;0;0;0.001;0;0;0;0.0001;2;2;0;0;76;0;0;46785445;0;0;0;0.0001;0.921;61.356;0;-0.71;0;0.004;0.004;1;46785460;0;0;0;0;0;0;0;0;0;46784000;37.34965392;-121.93067523;-9.03985596;0.00000000;0.00000000;10.28645611;4.65865088;
46785583;12.4;27.5;0;0;0;-61.3;-0.32;0;0;0;0;0.001;0;0;0;0.0001;2;2;0;0;76;0;0;46785526;0;0;0;0.0001;0.859;57.27;0;-0.16;0;0.004;0.004;1;46785526;0;0;0;0;0;0;0;0;0;46784000;37.34965392;-121.93067523;-9.03985596;0.00000000;0.00000000;10.28645611;4.65865088;
46785643;12.1;27.4;0;0;0;-64.9;-0.3;0;0;0;0;0.001;0;0;0;0.0001;2;2;0;0;76;0;0;46785584;0;0;0;0.0001;0.876;58.379;0;0.75;0;0.004;0.004;1;46785608;0;0;0;0;0;0;0;0;0;46784000;37.34965392;-121.93067523;-9.03985596;0.00000000;0.00000000;10.28645611;4.65865088;
46785736;12.4;27.6;0;0;0;-66.6;-0.36;0;0;0;0;0;0;0;0;0.0001;2;2;0;0;76;0;0;46785664;0;0;0;0.0001;0.938;62.48;0;0.2;0;0.004;0.004;1;46785678;0;0;0;0;0;0;0;0;0;46784000;37.34965392;-121.93067523;-9.03985596;0.00000000;0.00000000;10.28645611;4.65865088;
46785795;12.2;27.6;0;0;0;-80.3;-0.25;0;0;0;0;0;0;0;0;0.0001;2;2;0;0;76;0;0;46785759;0;0;0;0.0001;0.848;56.533;0;-0.08;0;0.004;0.004;1;46785794;0;0;0;0;0;0;0;0;0;46785000;37.34965377;-121.93066985;-9.60452271;0.00000000;0.00000000;10.24803543;4.71183634;
46785847;12.1;27.6;0;0;0;-72.5;-0.28;0;0;0;0;0;0;0;0;0.0001;2;2;0;0;76;0;0;46785759;0;0;0;0.0001;0.848;56.533;0;-0.08;0;0.004;0.004;1;46785794;0;0;0;0;0;0;0;0;0;46785000;37.34965377;-121.93066985;-9.60452271;0.00000000;0.00000000;10.24803543;4.71183634;
46785910;12.3;27.6;0;0;0;-87.9;-0.33;0;0;0;0;0.001;0;0;0;0.0001;2;2;0;0;76;0;0;46785864;0;0;0;0.0001;0.882;58.749;0;0.73;0;0.004;0.004;1;46785879;0;0;0;0;0;0;0;0;0;46785000;37.34965377;-121.93066985;-9.60452271;0.00000000;0.00000000;10.24803543;4.71183634;
46785978;12.3;27.9;0;0;0;-106.3;-0.2;0;0;0;0;0;0;0;0;0.0001;2;2;0;0;76;0;0;46785911;0;0;0;0.0001;0.854;56.901;0;-0.73;0;0.004;0.004;1;46785879;0;0;0;0;0;0;0;0;0;46785000;37.34965377;-121.93066985;-9.60452271;0.00000000;0.00000000;10.24803543;4.71183634;
46786062;12.1;27.4;0;0;0;-60.8;-0.32;0;0;0;0;0;0;0;0;0.0001;2;2;0;0;76;0;0;46786012;0;0;0;0.0001;0.854;56.901;0;-1.12;0;0.004;0.004;1;46785996;0;0;0;0;0;0;0;0;0;46785000;37.34965377;-121.93066985;-9.60452271;0.00000000;0.00000000;10.24803543;4.71183634;
46786129;12.3;27.6;0;0;0;-91.9;-0.15;0;0;0;0;0.001;0;0;0;0.0001;2;2;0;0;76;0;0;46786062;0;0;0;0.0001;0.865;57.639;0;1;0;0.004;0.004;1;46786095;0;0;0;0;0;0;0;0;0;46785000;37.34965377;-121.93066985;-9.60452271;0.00000000;0.00000000;10.24803543;4.71183634;
46786214;12.2;27.6;0;0;0;-64;-0.26;0;0;0;0;0.001;0;0;0;0.0001;2;2;0;0;76;0;0;46786147;0;0;0;0.0001;0.837;55.798;0;1.3;0;0.004;0.004;1;46786148;0;0;0;0;0;0;0;0;0;46785000;37.34965377;-121.93066985;-9.60452271;0.00000000;0.00000000;10.24803543;4.71183634;
46786282;12.1;27.7;0;0;0;-97.1;-0.38;0;0;0;0;0;0;0;0;0.0001;2;2;0;0;76;0;0;46786215;0;0;0;0.0001;0.882;58.749;0;0.47;0;0.004;0.004;1;46786248;0;0;0;0;0;0;0;0;0;46785000;37.34965377;-121.93066985;-9.60452271;0.00000000;0.00000000;10.24803543;4.71183634;
46786365;12.4;27.3;0;0;0;-58;-0.25;0;0;0;0;0;0;0;0;0.0001;2;2;0;0;76;0;0;46786298;0;0;0;0.0001;0.91;60.609;0;-1.42;0;0.004;0.004;1;46786298;0;0;0;0;0;0;0;0;0;46785000;37.34965377;-121.93066985;-9.60452271;0.00000000;0.00000000;10.24803543;4.71183634;
46786433;12.3;27.5;0;0;0;-80.2;-0.33;0;0;0;0;0;0;0;0;0.0001;2;2;0;0;76;0;0;46786399;0;0;0;0.0001;0.871;58.009;0;0.11;0;0.004;0.004;1;46786399;0;0;0;0;0;0;0;0;0;46785000;37.34965377;-121.93066985;-9.60452271;0.00000000;0.00000000;10.24803543;4.71183634;
46786483;12.1;27.4;0;0;0;-61.7;-0.15;0;0;0;0;0;0;0;0;0.0001;2;2;0;0;76;0;0;46786399;0;0;0;0.0001;0.871;58.009;0;0.11;0;0.004;0.004;1;46786399;0;0;0;0;0;0;0;0;0;46785000;37.34965377;-121.93066985;-9.60452271;0.00000000;0.00000000;10.24803543;4.71183634;
46786547;12.3;27.4;0;0;0;-58.9;-0.37;0;0;0;0;0;0;0;0;0.0001;2;2;0;0;76;0;0;46786484;0;0;0;0.0001;0.893;59.492;0;1.4;0;0.004;0.004;1;46786515;0;0;0;0;0;0;0;0;0;46785000;37.34965377;-121.93066985;-9.60452271;0.00000000;0.00000000;10.24803543;4.71183634;
46786604;12.2;27.7;0;0;0;-89.6;-0.16;0;0;0;0;0.001;0;0;0;0.0001;2;2;0;0;76;0;0;46786548;0;0;0;0.0001;0.876;58.379;0;-0.27;0;0.004;0.004;1;46786515;0;0;0;0;0;0;0;0;0;46785000;37.34965377;-121.93066985;-9.60452271;0.00000000;0.00000000;10.24803543;4.71183634;
46786680;12.1;27.4;0;0;0;-59.4;-0.4;0;0;0;0;0;0;0;0;0.0001;2;2;0;0;76;0;0;46786605;0;0;0;0.0001;0.904;60.236;0;-0.17;0;0.004;0.004;1;46786628;0;0;0;0;0;0;0;0;0;46785000;37.34965377;-121.93066985;-9.60452271;0.00000000;0.00000000;10.24803543;4.71183634;
46786766;12.2;27.5;0;0;0;-71.5;-0.25;0;0;0;0;0;0;0;0;0.0001;2;2;0;0;76;0;0;46786680;0;0;0;0.0001;0.898;59.864;0;1.58;0;0.004;0.004;1;46786628;0;0;0;0;0;0;0;0;0;46786000;37.34965520;-121.93067071;-9.77764893;0.00000000;0.00000000;10.19843769;4.55129337;
46786817;12.1;27.5;0;0;0;-60.8;-0.4;0;0;0;0;0;0;0;0;0.0001;2;2;0;0;76;0;0;46786766;0;0;0;0.0001;0.859;57.27;0;-0.88;0;0.004;0.004;1;46786799;0;0;0;0;0;0;0;0;0;46786000;37.34965520;-121.93067071;-9.77764893;0.00000000;0.00000000;10.19843769;4.55129337;
46786902;12.2;27.4;0;0;0;-60.2;-0.23;0;0;0;0;0;0;0;0;0.0001;2;2;0;0;76;0;0;46786817;0;0;0;0.0001;0.949;63.232;0;1.79;0;0.004;0.004;1;46786799;0;0;0;0;0;0;0;0;0;46786000;37.34965520;-121.93067071;-9.77764893;0.00000000;0.00000000;10.19843769;4.55129337;
46787000;12.1;27.6;0;0;0;-79.8;-0.31;0;0;0;0;0.001;0;0;0;0.0001;2;2;0;0;76;0;0;46786902;0;0;0;0.0001;0.843;56.165;0;0.11;0;0.004;0.004;1;46786930;0;0;0;0;0;0;0;0;0;46786000;37.34965520;-121.93067071;-9.77764893;0.00000000;0.00000000;10.19843769;4.55129337;
46787067;12.3;27.6;0;0;0;-67.8;-0.31;0;0;0;0;0;0;0;0;0.0001;2;2;0;0;76;0;0;46787001;0;0;0;0.0001;0.871;58.009;0;1.05;0;0.004;0.004;1;46787033;0;0;0;0;0;0;0;0;0;46786000;37.34965520;-121.93067071;-9.77764893;0.00000000;0.00000000;10.19843769;4.55129337;
46787122;12.1;27.4;0;0;0;-60;-0.18;0;0;0;0;0.001;0;0;0;0.0001;2;2;0;0;76;0;0;46787068;0;0;0;0.0001;0.898;59.864;0;2.25;0;0.004;0.004;1;46787033;0;0;0;0;0;0;0;0;0;46786000;37.34965520;-121.93067071;-9.77764893;0.00000000;0.00000000;10.19843769;4.55129337;
46787227;12.4;27.9;0;0;0;-108.9;-0.3;0;0;0;0;0.001;0;0;0;0.0001;2;2;0;0;76;0;0;46787149;0;0;0;0.0001;0.843;56.165;0;-0.35;0;0.004;0.004;1;46787149;0;0;0;0;0;0;0;0;0;46786000;37.34965520;-121.93067071;-9.77764893;0.00000000;0.00000000;10.19843769;4.55129337;
46787301;12.2;27.4;0;0;0;-68.3;-0.31;0;0;0;0;0.001;0;0;0;0.0001;2;2;0;0;76;0;0;46787228;0;0;0;0.0001;0.921;61.356;0;0.34;0;0.004;0.004;1;46787247;0;0;0;0;0;0;0;0;0;46786000;37.34965520;-121.93067071;-9.77764893;0.00000000;0.00000000;10.19843769;4.55129337;
46787370;12.1;27.8;0;0;0;-124.6;-0.08;0;0;0;0;0.001;0;0;0;0.0001;2;2;0;0;76;0;0;46787301;0;0;0;0.0001;0.871;58.009;0;0.31;0;0.004;0.004;1;46787247;0;0;0;0;0;0;0;0;0;46786000;37.34965520;-121.93067071;-9.77764893;0.00000000;0.00000000;10.19843769;4.55129337;
46787428;12.2;27.9;0;0;0;-94.2;-0.28;0;0;0;0;0.001;0;0;0;0.0001;2;2;0;0;76;0;0;46787370;0;0;0;0.0001;0.843;56.165;0;-1.22;0;0.004;0.004;1;46787400;0;0;0;0;0;0;0;0;0;46786000;37.34965520;-121.93067071;-9.77764893;0.00000000;0.00000000;10.19843769;4.55129337;
46787523;12.2;27.4;0;0;0;-58;-0.33;0;0;0;0;0;0;0;0;0.0001;2;2;0;0;76;0;0;46787452;0;0;0;0.0001;0.882;58.749;0;-0.19;0;0.004;0.004;1;46787400;0;0;0;0;0;0;0;0;0;46786000;37.34965520;-121.93067071;-9.77764893;0.00000000;0.00000000;10.19843769;4.55129337;
46787601;12.2;27.4;0;0;0;-67.1;-0.21;0;0;0;0;0;0;0;0;0.0001;2;2;0;0;76;0;0;46787524;0;0;0;0.0001;0.915;60.982;0;1.92;0;0.004;0.004;1;46787551;0;0;0;0;0;0;0;0;0;46786000;37.34965520;-121.93067071;-9.77764893;0.00000000;0.00000000;10.19843769;4.55129337;
46787652;12.2;27.4;0;0;0;-58;-0.42;0;0;0;0;0;0;0;0;0.0001;2;2;0;0;76;0;0;46787601;0;0;0;0.0001;0.854;56.901;0;-0.92;0;0.004;0.004;1;46787551;0;0;0;0;0;0;0;0;0;46786000;37.34965520;-121.93067071;-9.77764893;0.00000000;0.00000000;10.19843769;4.55129337;
46787720;12.1;27.4;0;0;0;-58.8;-0.34;0;0;0;0;0.001;0;0;0;0.0001;2;2;0;0;76;0;0;46787652;0;0;0;0.0001;0.843;56.165;0;0.97;0;0.004;0.004;1;46787684;0;0;0;0;0;0;0;0;0;46786000;37.34965520;-121.93067071;-9.77764893;0.00000000;0.00000000;10.19843769;4.55129337;
46787805;12.2;27.4;0;0;0;-57.8;-0.3;0;0;0;0;0.001;0;0;0;0.0001;2;2;0;0;76;0;0;46787737;0;0;0;0.0001;0.871;58.009;0;0.63;0;0.004;0.004;1;46787753;0;0;0;0;0;0;0;0;0;46787000;37.34965281;-121.93066551;-9.57507324;0.00000000;0.00000000;10.28245735;4.78478098;
46787889;12.1;27.6;0;0;0;-62.2;-0.37;0;0;0;0;0.001;0;0;0;0.0001;2;2;0;0;76;0;0;46787805;0;0;0;0.0001;0.832;55.431;0;0.18;0;0.004;0.004;1;46787868;0;0;0;0;0;0;0;0;0;46787000;37.34965281;-121.93066551;-9.57507324;0.00000000;0.00000000;10.28245735;4.78478098;
46787952;12.2;27.4;0;0;0;-58.9;-0.36;0;0;0;0;0;0;0;0;0.0001;2;2;0;0;76;0;0;46787905;0;0;0;0.0001;0.904;60.236;0;1.17;0;0.004;0.004;1;46787868;0;0;0;0;0;0;0;0;0;46787000;37.34965281;-121.93066551;-9.57507324;0.00000000;0.00000000;10.28245735;4.78478098;
46788021;12.2;27.4;0;0;0;-57.6;-0.35;0;0;0;0;0.001;0;0;0;0.0001;2;2;0;0;76;0;0;46787952;0;0;0;0.0001;0.859;57.27;0;1.69;0;0.004;0.004;1;46787985;0;0;0;0;0;0;0;0;0;46787000;37.34965281;-121.93066551;-9.57507324;0.00000000;0.00000000;10.28245735;4.78478098;
46788105;12.2;27.5;0;0;0;-60;-0.38;0;0;0;0;0.001;0;0;0;0.0001;2;2;0;0;76;0;0;46788037;0;0;0;0.0001;0.898;59.864;0;-0.35;0;0.004;0.004;1;46788038;0;0;0;0;0;0;0;0;0;46787000;37.34965281;-121.93066551;-9.57507324;0.00000000;0.00000000;10.28245735;4.78478098;
46788170;12.2;27.5;0;0;0;-80.2;-0.26;0;0;0;0;0;0;0;0;0.0001;2;2;0;0;76;0;0;46788105;0;0;0;0.0001;0.876;58.379;0;1.2;0;0.004;0.004;1;46788170;0;0;0;0;0;0;0;0;0;46787000;37.34965281;-121.93066551;-9.57507324;0.00000000;0.00000000;10.28245735;4.78478098;
46788253;12.1;27.6;0;0;0;-62.5;-0.41;0;0;0;0;0.001;0;0;0;0.0001;2;2;0;0;76;0;0;46788187;0;0;0;0.0001;0.915;60.982;0;1.8;0;0.004;0.004;1;46788170;0;0;0;0;0;0;0;0;0;46787000;37.34965281;-121.93066551;-9.57507324;0.00000000;0.00000000;10.28245735;4.78478098;
46788339;12.3;27.4;0;0;0;-59.1;-0.38;0;0;0;0;0.001;0;0;0;0.0001;2;2;0;0;76;0;0;46788254;0;0;0;0.0001;0.921;61.356;0;2.24;0;0.004;0.004;1;46788285;0;0;0;0;0;0;0;0;0;46787000;37.34965281;-121.93066551;-9.57507324;0.00000000;0.00000000;10.28245735;4.78478098;
46788406;12.1;27.5;0;0;0;-99.3;-0.45;0;0;0;0;0;0;0;0;0.0001;2;2;0;0;76;0;0;46788339;0;0;0;0.0001;0.859;57.27;0;-0.33;0;0.004;0.004;1;46788370;0;0;0;0;0;0;0;0;0;46787000;37.34965281;-121.93066551;-9.57507324;0.00000000;0.00000000;10.28245735;4.78478098;
46788490;12.1;27.5;0;0;0;-89.1;-0.35;0;0;0;0;0;0;0;0;0.0001;2;2;0;0;76;0;0;46788406;0;0;0;0.0001;0.926;61.73;0;2.23;0;0.004;0.004;1;46788370;0;0;0;0;0;0;0;0;0;46787000;37.34965281;-121.93066551;-9.57507324;0.00000000;0.00000000;10.28245735;4.78478098;
46788590;12.4;27.6;0;0;0;-110.7;-0.39;0;0;0;0;0;0;0;0;0.0001;2;2;0;0;76;0;0;46788491;0;0;0;0.0001;0.871;58.009;0;0.66;0;0.004;0.004;1;46788524;0;0;0;0;0;0;0;0;0;46787000;37.34965281;-121.93066551;-9.57507324;0.00000000;0.00000000;10.28245735;4.78478098;
46788676;12.3;27.5;0;0;0;-104;-0.41;0;0;0;0;0.001;0;0;0;0.0001;2;2;0;0;76;0;0;46788591;0;0;0;0.0001;0.854;56.901;0;-1.51;0;0.004;0.004;1;46788607;0;0;0;0;0;0;0;0;0;46787000;37.34965281;-121.93066551;-9.57507324;0.00000000;0.00000000;10.28245735;4.78478098;
46788739;12.2;27.6;0;0;0;-100.2;-0.41;0;0;0;0;0;0;0;0;0.0001;2;2;0;0;76;0;0;46788676;0;0;0;0.0001;0.926;61.73;0;0.87;0;0.004;0.004;1;46788707;0;0;0;0;0;0;0;0;0;46787000;37.34965281;-121.93066551;-9.57507324;0.00000000;0.00000000;10.28245735;4.78478098;
46788789;12.4;27.5;0;0;0;-85.5;-0.37;0;0;0;0;0.001;0;0;0;0.0001;2;2;0;0;76;0;0;46788739;0;0;0;0.0001;0.865;57.639;0;-1.29;0;0.004;0.004;1;46788707;0;0;0;0;0;0;0;0;0;46788000;37.34965120;-121.93066228;-9.90328979;0.00000000;0.00000000;10.25407982;4.81486750;
46788857;12.2;27.4;0;0;0;-58.3;-0.38;0;0;0;0;0.001;0;0;0;0.0001;2;2;0;0;76;0;0;46788789;0;0;0;0.0001;0.943;62.856;0;1.07;0;0.004;0.004;1;46788821;0;0;0;0;0;0;0;0;0;46788000;37.34965120;-121.93066228;-9.90328979;0.00000000;0.00000000;10.25407982;4.81486750;
46788907;12.2;27.4;0;0;0;-58.5;-0.33;0;0;0;0;0.001;0;0;0;0.0001;2;2;0;0;76;0;0;46788857;0;0;0;0.0001;0.932;62.105;0;1.24;0;0.004;0.004;1;46788821;0;0;0;0;0;0;0;0;0;46788000;37.34965120;-121.93066228;-9.90328979;0.00000000;0.00000000;10.25407982;4.81486750;
46789008;12.1;27.6;0;0;0;-84;-0.42;0;0;0;0;0.001;0;0;0;0.0001;2;2;0;0;76;0;0;46788922;0;0;0;0.0001;0.843;56.165;0;-0.42;0;0.004;0.004;1;46788939;0;0;0;0;0;0;0;0;0;46788000;37.34965120;-121.93066228;-9.90328979;0.00000000;0.00000000;10.25407982;4.81486750;
46789057;12.1;27.6;0;0;0;-63;-0.32;0;0;0;0;0.001;0;0;0;0.0001;2;2;0;0;76;0;0;46789008;0;0;0;0.0001;0.887;59.121;0;1.23;0;0.004;0.004;1;46789039;0;0;0;0;0;0;0;0;0;46788000;37.34965120;-121.93066228;-9.90328979;0.00000000;0.00000000;10.25407982;4.81486750;
46789123;12.1;27.4;0;0;0;-58.9;-0.31;0;0;0;0;0.001;0;0;0;0.0001;2;2;0;0;76;0;0;46789074;0;0;0;0.0001;0.887;59.121;0;1.8;0;0.004;0.004;1;46789039;0;0;0;0;0;0;0;0;0;46788000;37.34965120;-121.93066228;-9.90328979;0.00000000;0.00000000;10.25407982;4.81486750;
46789208;12.1;27.7;0;0;0;-67.2;-0.36;0;0;0;0;0;0;0;0;0.0001;2;2;0;0;76;0;0;46789158;0;0;0;0.0001;0.848;56.533;0;-0.19;0;0.004;0.004;1;46789157;0;0;0;0;0;0;0;0;0;46788000;37.34965120;-121.93066228;-9.90328979;0.00000000;0.00000000;10.25407982;4.81486750;
46789275;12.2;27.4;0;0;0;-61.1;-0.34;0;0;0;0;0;0;0;0;0.0001;2;2;0;0;76;0;0;46789226;0;0;0;0.0001;0.871;58.009;0;0.87;0;0.004;0.004;1;46789241;0;0;0;0;0;0;0;0;0;46788000;37.34965120;-121.93066228;-9.90328979;0.00000000;0.00000000;10.25407982;4.81486750;
46789358;12.2;27.5;0;0;0;-78.8;-0.38;0;0;0;0;0;0;0;0;0.0001;2;2;0;0;76;0;0;46789307;0;0;0;0.0001;0.926;61.73;0;1.72;0;0.004;0.004;1;46789308;0;0;0;0;0;0;0;0;0;46788000;37.34965120;-121.93066228;-9.90328979;0.00000000;0.00000000;10.25407982;4.81486750;
46789424;12.2;27.5;0;0;0;-97;-0.39;0;0;0;0;0.001;0;0;0;0.0001;2;2;0;0;76;0;0;46789359;0;0;0;0.0001;0.871;58.009;0;1.83;0;0.004;0.004;1;46789391;0;0;0;0;0;0;0;0;0;46788000;37.34965120;-121.93066228;-9.90328979;0.00000000;0.00000000;10.25407982;4.81486750;
46789574;12.1;27.5;0;0;0;-88.3;-0.37;0;0;0;0;0;0;0;0;0.0001;2;2;0;0;76;0;0;46789476;0;0;0;0.0001;0.848;56.533;0;-0.95;0;0.004;0.004;1;46789476;0;0;0;0;0;0;0;0;0;46788000;37.34965120;-121.93066228;-9.90328979;0.00000000;0.00000000;10.25407982;4.81486750;
46789659;12.2;27.5;0;0;0;-82.7;-0.29;0;0;0;0;0;0;0;0;0.0001;2;2;0;0;76;0;0;46789575;0;0;0;0.0001;0.932;62.105;0;2.14;0;0.004;0.004;1;46789610;0;0;0;0;0;0;0;0;0;46788000;37.34965120;-121.93066228;-9.90328979;0.00000000;0.00000000;10.25407982;4.81486750;
46789758;12.1;27.5;0;0;0;-61.3;-0.33;0;0;0;0;0.001;0;0;0;0.0001;2;2;0;0;76;0;0;46789691;0;0;0;0.0001;0.938;62.48;0;-0.23;0;0.004;0.004;1;46789691;0;0;0;0;0;0;0;0;0;46789000;37.34965424;-121.93066010;-9.97692871;0.00000000;0.00000000;10.16325474;4.56251526;
46789843;12.2;27.5;0;0;0;-92.7;-0.28;0;0;0;0;0;0;0;0;0.0001;2;2;0;0;76;0;0;46789758;0;0;0;0.0001;0.898;59.864;0;1.29;0;0.004;0.004;1;46789794;0;0;0;0;0;0;0;0;0;46789000;37.34965424;-121.93066010;-9.97692871;0.00000000;0.00000000;10.16325474;4.56251526;
46789911;12.2;27.4;0;0;0;-59.6;-0.33;0;0;0;0;0.001;0;0;0;0.0001;2;2;0;0;76;0;0;46789843;0;0;0;0.0001;0.921;61.356;0;-0.92;0;0.004;0.004;1;46789877;0;0;0;0;0;0;0;0;0;46789000;37.34965424;-121.93066010;-9.97692871;0.00000000;0.00000000;10.16325474;4.56251526;
46789996;12.1;27.4;0;0;0;-61.4;-0.25;0;0;0;0;0.001;0;0;0;0.0001;2;2;0;0;76;0;0;46789926;0;0;0;0.0001;0.932;62.105;0;-0.39;0;0.004;0.004;1;46789943;0;0;0;0;0;0;0;0;0;46789000;37.34965424;-121.93066010;-9.97692871;0.00000000;0.00000000;10.16325474;4.56251526;
46790062;12.1;27.4;0;0;0;-72.5;-0.35;0;0;0;0;0.001;0;0;0;0.0001;2;2;0;0;76;0;0;46789996;0;0;0;0.0001;0.882;58.749;0;1.1;0;0.004;0.004;1;46790029;0;0;0;0;0;0;0;0;0;46789000;37.34965424;-121.93066010;-9.97692871;0.00000000;0.00000000;10.16325474;4.56251526;
46790147;12.1;27.5;0;0;0;-90.3;-0.38;0;0;0;0;0;0;0;0;0.0001;2;2;0;0;76;0;0;46790080;0;0;0;0.0001;0.932;62.105;0;1.77;0;0.004;0.004;1;46790114;0;0;0;0;0;0;0;0;0;46789000;37.34965424;-121.93066010;-9.97692871;0.00000000;0.00000000;10.16325474;4.56251526;
46790203;12.1;27.4;0;0;0;-71.9;-0.38;0;0;0;0;0;0;0;0;0.0001;2;2;0;0;76;0;0;46790147;0;0;0;0.0001;0.859;57.27;0;-0.18;0;0.004;0.004;1;46790114;0;0;0;0;0;0;0;0;0;46789000;37.34965424;-121.93066010;-9.97692871;0.00000000;0.00000000;10.16325474;4.56251526;
46790266;12.2;27.5;0;0;0;-78.5;-0.34;0;0;0;0;0.001;0;0;0;0.0001;2;2;0;0;76;0;0;46790203;0;0;0;0.0001;0.915;60.982;0;-0.15;0;0.004;0.004;1;46790228;0;0;0;0;0;0;0;0;0;46789000;37.34965424;-121.93066010;-9.97692871;0.00000000;0.00000000;10.16325474;4.56251526;
46790348;12.1;27.4;0;0;0;-73.6;-0.32;0;0;0;0;0.001;0;0;0;0.0001;2;2;0;0;76;0;0;46790289;0;0;0;0.0001;0.882;58.749;0;-1.53;0;0.004;0.004;1;46790289;0;0;0;0;0;0;0;0;0;46789000;37.34965424;-121.93066010;-9.97692871;0.00000000;0.00000000;10.16325474;4.56251526;
46790447;12.1;27.5;0;0;0;-61.2;-0.37;0;0;0;0;0;0;0;0;0.0001;2;2;0;0;76;0;0;46790364;0;0;0;0.0001;0.854;56.901;0;-2.03;0;0.004;0.004;1;46790378;0;0;0;0;0;0;0;0;0;46789000;37.34965424;-121.93066010;-9.97692871;0.00000000;0.00000000;10.16325474;4.56251526;
46790557;12.1;27.5;0;0;0;-73.3;-0.38;0;0;0;0;0;0;0;0;0.0001;2;2;0;0;76;0;0;46790447;0;0;0;0.0001;0.921;61.356;0;-0.72;0;0.004;0.004;1;46790467;0;0;0;0;0;0;0;0;0;46789000;37.34965424;-121.93066010;-9.97692871;0.00000000;0.00000000;10.16325474;4.56251526;
46790648;12.1;27.5;0;0;0;-64.6;-0.33;0;0;0;0;0;0;0;0;0.0001;2;2;0;0;76;0;0;46790557;0;0;0;0.0001;0.843;56.165;0;1.34;0;0.004;0.004;1;46790587;0;0;0;0;0;0;0;0;0;46789000;37.34965424;-121.93066010;-9.97692871;0.00000000;0.00000000;10.16325474;4.56251526;
46790748;12.3;27.5;0;0;0;-109;-0.37;0;0;0;0;0.001;0;0;0;0.0001;2;2;0;0;76;0;0;46790648;0;0;0;0.0001;0.921;61.356;0;1.58;0;0.004;0.004;1;46790680;0;0;0;0;0;0;0;0;0;46789000;37.34965424;-121.93066010;-9.97692871;0.00000000;0.00000000;10.16325474;4.56251526;
46790806;12.2;27.4;0;0;0;-60.1;-0.32;0;0;0;0;0.001;0;0;0;0.0001;2;2;0;0;76;0;0;46790748;0;0;0;0.0001;0.904;60.236;0;0.45;0;0.004;0.004;1;46790788;0;0;0;0;0;0;0;0;0;46790000;37.34965993;-121.93066116;-10.34564209;0.00000000;0.00000000;10.12813950;4.62353039;
46790866;12.1;27.3;0;0;0;-57.2;-0.35;0;0;0;0;0;0;0;0;0.0001;2;2;0;0;76;0;0;46790806;0;0;0;0.0001;0.949;63.232;0;-0.52;0;0.004;0.004;1;46790788;0;0;0;0;0;0;0;0;0;46790000;37.34965993;-121.93066116;-10.34564209;0.00000000;0.00000000;10.12813950;4.62353039;
46790958;12.4;27.5;0;0;0;-61.2;-0.35;0;0;0;0;0;0;0;0;0.0001;2;2;0;0;76;0;0;46790866;0;0;0;0.0001;0.91;60.609;0;1.96;0;0.004;0.004;1;46790940;0;0;0;0;0;0;0;0;0;46790000;37.34965993;-121.93066116;-10.34564209;0.00000000;0.00000000;10.12813950;4.62353039;
46791008;12.4;27.4;0;0;0;-58.6;-0.35;0;0;0;0;0;0;0;0;0.0001;2;2;0;0;76;0;0;46790958;0;0;0;0.0001;0.887;59.121;0;-1.71;0;0.004;0.004;1;46790940;0;0;0;0;0;0;0;0;0;46790000;37.34965993;-121.93066116;-10.34564209;0.00000000;0.00000000;10.12813950;4.62353039;
46791076;12.2;27.5;0;0;0;-63.6;-0.37;0;0;0;0;0;0;0;0;0.0001;2;2;0;0;76;0;0;46791016;0;0;0;0.0001;0.859;57.27;0;-1.14;0;0.004;0.004;1;46791051;0;0;0;0;0;0;0;0;0;46790000;37.34965993;-121.93066116;-10.34564209;0.00000000;0.00000000;10.12813950;4.62353039;
46791208;12.2;27.4;0;0;0;-59.1;-0.32;0;0;0;0;0.001;0;0;0;0.0001;2;2;0;0;76;0;0;46791077;0;0;0;0.0001;0.865;57.639;0;1.1;0;0.004;0.004;1;46791051;0;0;0;0;0;0;0;0;0;46790000;37.34965993;-121.93066116;-10.34564209;0.00000000;0.00000000;10.12813950;4.62353039;
46791338;12.2;27.6;0;0;0;-84.1;-0.41;0;0;0;0;0;0;0;0;0.0001;2;2;0;0;76;0;0;46791209;0;0;0;0.0001;0.859;57.27;0;-0.71;0;0.004;0.004;1;46791228;0;0;0;0;0;0;0;0;0;46790000;37.34965993;-121.93066116;-10.34564209;0.00000000;0.00000000;10.12813950;4.62353039;
46791432;12.1;27.5;0;0;0;-77.1;-0.34;0;0;0;0;0.001;0;0;0;0.0001;2;2;0;0;76;0;0;46791339;0;0;0;0.0001;0.932;62.105;0;1.49;0;0.004;0.004;1;46791398;0;0;0;0;0;0;0;0;0;46790000;37.34965993;-121.93066116;-10.34564209;0.00000000;0.00000000;10.12813950;4.62353039;
46791489;12.1;27.5;0;0;0;-93;-0.43;0;0;0;0;0.001;0;0;0;0.0001;2;2;0;0;76;0;0;46791432;0;0;0;0.0001;0.949;63.232;0;-0.53;0;0.004;0.004;1;46791398;0;0;0;0;0;0;0;0;0;46790000;37.34965993;-121.93066116;-10.34564209;0.00000000;0.00000000;10.12813950;4.62353039;
46791553;12.1;27.7;0;0;0;-95.1;-0.4;0;0;0;0;0.001;0;0;0;0.0001;2;2;0;0;76;0;0;46791490;0;0;0;0.0001;0.843;56.165;0;0.82;0;0.004;0.004;1;46791519;0;0;0;0;0;0;0;0;0;46790000;37.34965993;-121.93066116;-10.34564209;0.00000000;0.00000000;10.12813950;4.62353039;
46791625;12.2;27.5;0;0;0;-95.7;-0.4;0;0;0;0;0.001;0;0;0;0.0001;2;2;0;0;76;0;0;46791553;0;0;0;0.0001;0.893;59.492;0;0.66;0;0.004;0.004;1;46791519;0;0;0;0;0;0;0;0;0;46790000;37.34965993;-121.93066116;-10.34564209;0.00000000;0.00000000;10.12813950;4.62353039;
46791701;12.1;27.6;0;0;0;-100.7;-0.41;0;0;0;0;0;0;0;0;0.0001;2;2;0;0;76;0;0;46791625;0;0;0;0.0001;0.876;58.379;0;-1.87;0;0.004;0.004;1;46791649;0;0;0;0;0;0;0;0;0;46790000;37.34965993;-121.93066116;-10.34564209;0.00000000;0.00000000;10.12813950;4.62353039;
46791767;12.2;27.7;0;0;0;-91.3;-0.32;0;0;0;0;0.001;0;0;0;0.0001;2;2;0;0;76;0;0;46791744;0;0;0;0.0001;0.887;59.121;0;1.08;0;0.004;0.004;1;46791754;0;0;0;0;0;0;0;0;0;46791000;37.34966313;-121.93065999;-10.61840820;0.00000000;0.00000000;10.02733612;4.42282152;
46791852;12.3;27.6;0;0;0;-93;-0.35;0;0;0;0;0.001;0;0;0;0.0001;2;2;0;0;76;0;0;46791836;0;0;0;0.0001;0.91;60.609;0;1.04;0;0.004;0.004;1;46791754;0;0;0;0;0;0;0;0;0;46791000;37.34966313;-121.93065999;-10.61840820;0.00000000;0.00000000;10.02733612;4.42282152;
46791919;12.1;27.6;0;0;0;-90.1;-0.38;0;0;0;0;0.001;0;0;0;0.0001;2;2;0;0;76;0;0;46791836;0;0;0;0.0001;0.91;60.609;0;1.04;0;0.004;0.004;1;46791885;0;0;0;0;0;0;0;0;0;46791000;37.34966313;-121.93065999;-10.61840820;0.00000000;0.00000000;10.02733612;4.42282152;
46792001;12.4;27.5;0;0;0;-100.6;-0.21;0;0;0;0;0.001;0;0;0;0.0001;2;2;0;0;76;0;0;46791935;0;0;0;0.0001;0.865;57.639;0;1.32;0;0.004;0.004;1;46791950;0;0;0;0;0;0;0;0;0;46791000;37.34966313;-121.93065999;-10.61840820;0.00000000;0.00000000;10.02733612;4.42282152;
46792069;12.1;27.5;0;0;0;-81.5;-0.34;0;0;0;0;0.001;0;0;0;0.0001;2;2;0;0;76;0;0;46792002;0;0;0;0.0001;0.904;60.236;0;0.84;0;0.004;0.004;1;46792035;0;0;0;0;0;0;0;0;0;46791000;37.34966313;-121.93065999;-10.61840820;0.00000000;0.00000000;10.02733612;4.42282152;
46792154;12.2;27.5;0;0;0;-63.2;-0.38;0;0;0;0;0.001;0;0;0;0.0001;2;2;0;0;76;0;0;46792085;0;0;0;0.0001;0.938;62.48;0;1.67;0;0.004;0.004;1;46792101;0;0;0;0;0;0;0;0;0;46791000;37.34966313;-121.93065999;-10.61840820;0.00000000;0.00000000;10.02733612;4.42282152;
46792219;12.2;27.5;0;0;0;-66.1;-0.23;0;0;0;0;0;0;0;0;0.0001;2;2;0;0;76;0;0;46792155;0;0;0;0.0001;0.843;56.165;0;0.72;0;0.004;0.004;1;46792186;0;0;0;0;0;0;0;0;0;46791000;37.34966313;-121.93065999;-10.61840820;0.00000000;0.00000000;10.02733612;4.42282152;
46792304;12.3;27.5;0;0;0;-61.9;-0.36;0;0;0;0;0.001;0;0;0;0.0001;2;2;0;0;76;0;0;46792237;0;0;0;0.0001;0.859;57.27;0;1.31;0;0.004;0.004;1;46792253;0;0;0;0;0;0;0;0;0;46791000;37.34966313;-121.93065999;-10.61840820;0.00000000;0.00000000;10.02733612;4.42282152;
46792371;12.2;27.5;0;0;0;-88.3;-0.33;0;0;0;0;0.001;0;0;0;0.0001;2;2;0;0;76;0;0;46792338;0;0;0;0.0001;0.949;63.232;0;-0.47;0;0.004;0.004;1;46792338;0;0;0;0;0;0;0;0;0;46791000;37.34966313;-121.93065999;-10.61840820;0.00000000;0.00000000;10.02733612;4.42282152;
46792455;12.2;27.5;0;0;0;-65.7;-0.4;0;0;0;0;0.001;0;0;0;0.0001;2;2;0;0;76;0;0;46792421;0;0;0;0.0001;0.871;58.009;0;-0.86;0;0.004;0.004;1;46792421;0;0;0;0;0;0;0;0;0;46791000;37.34966313;-121.93065999;-10.61840820;0.00000000;0.00000000;10.02733612;4.42282152;
46792520;12.4;27.5;0;0;0;-61.2;-0.35;0;0;0;0;0.001;0;0;0;0.0001;2;2;0;0;76;0;0;46792421;0;0;0;0.0001;0.871;58.009;0;-0.86;0;0.004;0.004;1;46792421;0;0;0;0;0;0;0;0;0;46791000;37.34966313;-121.93065999;-10.61840820;0.00000000;0.00000000;10.02733612;4.42282152;
46792604;12.1;27.5;0;0;0;-61.3;-0.33;0;0;0;0;0.001;0;0;0;0.0001;2;2;0;0;76;0;0;46792521;0;0;0;0.0001;0.898;59.864;0;2.11;0;0.004;0.004;1;46792537;0;0;0;0;0;0;0;0;0;46791000;37.34966313;-121.93065999;-10.61840820;0.00000000;0.00000000;10.02733612;4.42282152;
46792687;12.3;27.5;0;0;0;-79.9;-0.35;0;0;0;0;0.001;0;0;0;0.0001;2;2;0;0;76;0;0;46792640;0;0;0;0.0001;0.854;56.901;0;-0.13;0;0.004;0.004;1;46792640;0;0;0;0;0;0;0;0;0;46791000;37.34966313;-121.93065999;-10.61840820;0.00000000;0.00000000;10.02733612;4.42282152;
46792753;12.2;27.4;0;0;0;-59.1;-0.41;0;0;0;0;0.001;0;0;0;0.0001;2;2;0;0;76;0;0;46792704;0;0;0;0.0001;0.854;56.901;0;-0.31;0;0.004;0.004;1;46792719;0;0;0;0;0;0;0;0;0;46792000;37.34966261;-121.93066207;-10.11209106;0.00000000;0.00000000;9.93504620;4.16435003;
46792844;12.2;27.4;0;0;0;-58.8;-0.31;0;0;0;0;0;0;0;0;0.0001;2;2;0;0;76;0;0;46792789;0;0;0;0.0001;0.932;62.105;0;0.48;0;0.004;0.004;1;46792826;0;0;0;0;0;0;0;0;0;46792000;37.34966261;-121.93066207;-10.11209106;0.00000000;0.00000000;9.93504620;4.16435003;
46792906;12.1;27.4;0;0;0;-59.6;-0.37;0;0;0;0;0.001;0;0;0;0.0001;2;2;0;0;76;0;0;46792845;0;0;0;0.0001;0.887;59.121;0;1.53;0;0.004;0.004;1;46792826;0;0;0;0;0;0;0;0;0;46792000;37.34966261;-121.93066207;-10.11209106;0.00000000;0.00000000;9.93504620;4.16435003;
46793023;12.3;27.5;0;0;0;-68.5;-0.32;0;0;0;0;0.001;0;0;0;0.0001;2;2;0;0;76;0;0;46792906;0;0;0;0.0001;0.854;56.901;0;-0.81;0;0.004;0.004;1;46792953;0;0;0;0;0;0;0;0;0;46792000;37.34966261;-121.93066207;-10.11209106;0.00000000;0.00000000;9.93504620;4.16435003;
46793091;12.3;27.5;0;0;0;-77.2;-0.32;0;0;0;0;0.001;0;0;0;0.0001;2;2;0;0;76;0;0;46793023;0;0;0;0.0001;0.915;60.982;0;0.84;0;0.004;0.004;1;46793054;0;0;0;0;0;0;0;0;0;46792000;37.34966261;-121.93066207;-10.11209106;0.00000000;0.00000000;9.93504620;4.16435003;
46793137;12.4;27.6;0;0;0;-70.3;-0.3;0;0;0;0;0.001;0;0;0;0.0001;2;2;0;0;76;0;0;46793092;0;0;0;0.0001;0.865;57.639;0;-1.21;0;0.004;0.004;1;46793054;0;0;0;0;0;0;0;0;0;46792000;37.34966261;-121.93066207;-10.11209106;0.00000000;0.00000000;9.93504620;4.16435003;
46793204;12.1;27.4;0;0;0;-57.8;-0.33;0;0;0;0;0.001;0;0;0;0.0001;2;2;0;0;76;0;0;46793154;0;0;0;0.0001;0.893;59.492;0;-1.15;0;0.004;0.004;1;46793169;0;0;0;0;0;0;0;0;0;46792000;37.34966261;-121.93066207;-10.11209106;0.00000000;0.00000000;9.93504620;4.16435003;
46793287;12.4;27.5;0;0;0;-67.9;-0.34;0;0;0;0;0;0;0;0;0.0001;2;2;0;0;76;0;0;46793237;0;0;0;0.0001;0.932;62.105;0;2.05;0;0.004;0.004;1;46793237;0;0;0;0;0;0;0;0;0;46792000;37.34966261;-121.93066207;-10.11209106;0.00000000;0.00000000;9.93504620;4.16435003;
46793354;12.1;27.4;0;0;0;-59.5;-0.34;0;0;0;0;0.001;0;0;0;0.0001;2;2;0;0;76;0;0;46793304;0;0;0;0.0001;0.921;61.356;0;1.12;0;0.004;0.004;1;46793320;0;0;0;0;0;0;0;0;0;46792000;37.34966261;-121.93066207;-10.11209106;0.00000000;0.00000000;9.93504620;4.16435003;
46793437;12.2;27.5;0;0;0;-80.9;-0.32;0;0;0;0;0.001;0;0;0;0.0001;2;2;0;0;76;0;0;46793387;0;0;0;0.0001;0.859;57.27;0;-0.48;0;0.004;0.004;1;46793387;0;0;0;0;0;0;0;0;0;46792000;37.34966261;-121.93066207;-10.11209106;0.00000000;0.00000000;9.93504620;4.16435003;
46793506;12.1;27.5;0;0;0;-62.7;-0.42;0;0;0;0;0.001;0;0;0;0.0001;2;2;0;0;76;0;0;46793455;0;0;0;0.0001;0.921;61.356;0;1.11;0;0.004;0.004;1;46793472;0;0;0;0;0;0;0;0;0;46792000;37.34966261;-121.93066207;-10.11209106;0.00000000;0.00000000;9.93504620;4.16435003;
46793622;12.3;27.5;0;0;0;-74.7;-0.35;0;0;0;0;0.001;0;0;0;0.0001;2;2;0;0;76;0;0;46793541;0;0;0;0.0001;0.854;56.901;0;-0.32;0;0.004;0.004;1;46793541;0;0;0;0;0;0;0;0;0;46792000;37.34966261;-121.93066207;-10.11209106;0.00000000;0.00000000;9.93504620;4.16435003;
46793682;12.2;27.4;0;0;0;-59.7;-0.34;0;0;0;0;0.001;0;0;0;0.0001;2;2;0;0;76;0;0;46793622;0;0;0;0.0001;0.904;60.236;0;-1.12;0;0.004;0.004;1;46793665;0;0;0;0;0;0;0;0;0;46792000;37.34966261;-121.93066207;-10.11209106;0.00000000;0.00000000;9.93504620;4.16435003;
46793739;12.3;27.5;0;0;0;-71.4;-0.4;0;0;0;0;0.001;0;0;0;0.0001;2;2;0;0;76;0;0;46793683;0;0;0;0.0001;0.865;57.639;0;2.19;0;0.004;0.004;1;46793665;0;0;0;0;0;0;0;0;0;46792000;37.34966261;-121.93066207;-10.11209106;0.00000000;0.00000000;9.93504620;4.16435003;
46793807;12.2;27.4;0;0;0;-58.7;-0.42;0;0;0;0;0.001;0;0;0;0.0001;2;2;0;0;76;0;0;46793757;0;0;0;0.0001;0.938;62.48;0;-0.95;0;0.004;0.004;1;46793772;0;0;0;0;0;0;0;0;0;46793000;37.34966702;-121.93066136;-10.41992188;0.00000000;0.00000000;9.93504620;4.03323793;
46793889;12.1;27.5;0;0;0;-81.8;-0.29;0;0;0;0;0.001;0;0;0;0.0001;2;2;0;0;76;0;0;46793840;0;0;0;0.0001;0.898;59.864;0;-0.4;0;0.004;0.004;1;46793856;0;0;0;0;0;0;0;0;0;46793000;37.34966702;-121.93066136;-10.41992188;0.00000000;0.00000000;9.93504620;4.03323793;
46793955;12.3;27.5;0;0;0;-63;-0.33;0;0;0;0;0.001;0;0;0;0.0001;2;2;0;0;76;0;0;46793890;0;0;0;0.0001;0.893;59.492;0;0.62;0;0.004;0.004;1;46793856;0;0;0;0;0;0;0;0;0;46793000;37.34966702;-121.93066136;-10.41992188;0.00000000;0.00000000;9.93504620;4.03323793;
46794043;12.2;27.5;0;0;0;-64.1;-0.36;0;0;0;0;0;0;0;0;0.0001;2;2;0;0;76;0;0;46794007;0;0;0;0.0001;0.915;60.982;0;2.13;0;0.004;0.004;1;46793956;0;0;0;0;0;0;0;0;0;46793000;37.34966702;-121.93066136;-10.41992188;0.00000000;0.00000000;9.93504620;4.03323793;
46794140;12.4;27.5;0;0;0;-62;-0.33;0;0;0;0;0.001;0;0;0;0.0001;2;2;0;0;76;0;0;46794075;0;0;0;0.0001;0.865;57.639;0;1.77;0;0.004;0.004;1;46794075;0;0;0;0;0;0;0;0;0;46793000;37.34966702;-121.93066136;-10.41992188;0.00000000;0.00000000;9.93504620;4.03323793;
46794226;12.1;27.6;0;0;0;-83;-0.35;0;0;0;0;0.001;0;0;0;0.0001;2;2;0;0;76;0;0;46794141;0;0;0;0.0001;0.882;58.749;0;0.87;0;0.004;0.004;1;46794157;0;0;0;0;0;0;0;0;0;46793000;37.34966702;-121.93066136;-10.41992188;0.00000000;0.00000000;9.93504620;4.03323793;
46794277;12.1;27.6;0;0;0;-96.5;-0.25;0;0;0;0;0.001;0;0;0;0.0001;2;2;0;0;76;0;0;46794226;0;0;0;0.0001;0.876;58.379;0;2.35;0;0.004;0.004;1;46794261;0;0;0;0;0;0;0;0;0;46793000;37.34966702;-121.93066136;-10.41992188;0.00000000;0.00000000;9.93504620;4.03323793;
46794341;12.4;27.5;0;0;0;-60.9;-0.34;0;0;0;0;0.001;0;0;0;0.0001;2;2;0;0;76;0;0;46794291;0;0;0;0.0001;0.865;57.639;0;2.06;0;0.004;0.004;1;46794261;0;0;0;0;0;0;0;0;0;46793000;37.34966702;-121.93066136;-10.41992188;0.00000000;0.00000000;9.93504620;4.03323793;
46794427;12.2;27.5;0;0;0;-63.8;-0.33;0;0;0;0;0.001;0;0;0;0.0001;2;2;0;0;76;0;0;46794376;0;0;0;0.0001;0.854;56.901;0;-1.91;0;0.004;0.004;1;46794376;0;0;0;0;0;0;0;0;0;46793000;37.34966702;-121.93066136;-10.41992188;0.00000000;0.00000000;9.93504620;4.03323793;
46794526;12.2;27.5;0;0;0;-77.8;-0.33;0;0;0;0;0;0;0;0;0.0001;2;2;0;0;76;0;0;46794442;0;0;0;0.0001;0.848;56.533;0;-0.7;0;0.004;0.004;1;46794459;0;0;0;0;0;0;0;0;0;46793000;37.34966702;-121.93066136;-10.41992188;0.00000000;0.00000000;9.93504620;4.03323793;
46794578;12.3;27.4;0;0;0;-58.5;-0.3;0;0;0;0;0.001;0;0;0;0.0001;2;2;0;0;76;0;0;46794560;0;0;0;0.0001;0.848;56.533;0;-1.21;0;0.004;0.004;1;46794560;0;0;0;0;0;0;0;0;0;46793000;37.34966702;-121.93066136;-10.41992188;0.00000000;0.00000000;9.93504620;4.03323793;
46794679;12.1;27.6;0;0;0;-85;-0.22;0;0;0;0;0.001;0;0;0;0.0001;2;2;0;0;76;0;0;46794643;0;0;0;0.0001;0.893;59.492;0;1.02;0;0.004;0.004;1;46794643;0;0;0;0;0;0;0;0;0;46793000;37.34966702;-121.93066136;-10.41992188;0.00000000;0.00000000;9.93504620;4.03323793;
46794742;12.4;27.4;0;0;0;-59.3;-0.37;0;0;0;0;0;0;0;0;0.0001;2;2;0;0;76;0;0;46794643;0;0;0;0.0001;0.893;59.492;0;1.02;0;0.004;0.004;1;46794643;0;0;0;0;0;0;0;0;0;46793000;37.34966702;-121.93066136;-10.41992188;0.00000000;0.00000000;9.93504620;4.03323793;
46794794;12.2;27.6;0;0;0;-64.8;-0.17;0;0;0;0;0.001;0;0;0;0.0001;2;2;0;0;76;0;0;46794743;0;0;0;0.0001;0.848;56.533;0;-0.72;0;0.004;0.004;1;46794759;0;0;0;0;0;0;0;0;0;46794000;37.34966964;-121.93065421;-10.51242065;0.00000000;0.00000000;9.93504620;4.08305693;
46794878;12.3;27.5;0;0;0;-62.9;-0.34;0;0;0;0;0;0;0;0;0.0001;2;2;0;0;76;0;0;46794828;0;0;0;0.0001;0.887;59.121;0;1.25;0;0.004;0.004;1;46794828;0;0;0;0;0;0;0;0;0;46794000;37.34966964;-121.93065421;-10.51242065;0.00000000;0.00000000;9.93504620;4.08305693;
46794945;12.3;27.5;0;0;0;-79;-0.29;0;0;0;0;0.001;0;0;0;0.0001;2;2;0;0;76;0;0;46794910;0;0;0;0.0001;0.943;62.856;0;-0.61;0;0.004;0.004;1;46794910;0;0;0;0;0;0;0;0;0;46794000;37.34966964;-121.93065421;-10.51242065;0.00000000;0.00000000;9.93504620;4.08305693;
46795028;12.1;27.5;0;0;0;-62;-0.32;0;0;0;0;0.001;0;0;0;0.0001;2;2;0;0;76;0;0;46794978;0;0;0;0.0001;0.926;61.73;0;-1.24;0;0.004;0.004;1;46794978;0;0;0;0;0;0;0;0;0;46794000;37.34966964;-121.93065421;-10.51242065;0.00000000;0.00000000;9.93504620;4.08305693;
46795099;12.1;27.4;0;0;0;-69.8;-0.25;0;0;0;0;0;0;0;0;0.0001;2;2;0;0;76;0;0;46795029;0;0;0;0.0001;0.955;63.608;0;0.53;0;0.004;0.004;1;46795064;0;0;0;0;0;0;0;0;0;46794000;37.34966964;-121.93065421;-10.51242065;0.00000000;0.00000000;9.93504620;4.08305693;
46795214;12.3;27.5;0;0;0;-75.1;-0.33;0;0;0;0;0.001;0;0;0;0.0001;2;2;0;0;76;0;0;46795130;0;0;0;0.0001;0.887;59.121;0;-1.22;0;0.004;0.004;1;46795130;0;0;0;0;0;0;0;0;0;46794000;37.34966964;-121.93065421;-10.51242065;0.00000000;0.00000000;9.93504620;4.08305693;
46795280;12.4;27.5;0;0;0;-64.7;-0.32;0;0;0;0;0;0;0;0;0.0001;2;2;0;0;76;0;0;46795249;0;0;0;0.0001;0.843;56.165;0;-0.93;0;0.004;0.004;1;46795249;0;0;0;0;0;0;0;0;0;46794000;37.34966964;-121.93065421;-10.51242065;0.00000000;0.00000000;9.93504620;4.08305693;
46795331;12.3;27.5;0;0;0;-65.5;-0.35;0;0;0;0;0.001;0;0;0;0.0001;2;2;0;0;76;0;0;46795249;0;0;0;0.0001;0.843;56.165;0;-0.93;0;0.004;0.004;1;46795249;0;0;0;0;0;0;0;0;0;46794000;37.34966964;-121.93065421;-10.51242065;0.00000000;0.00000000;9.93504620;4.08305693;
46795398;12.1;27.4;0;0;0;-62.6;-0.24;0;0;0;0;0.001;0;0;0;0.0001;2;2;0;0;76;0;0;46795331;0;0;0;0.0001;0.915;60.982;0;-0.29;0;0.004;0.004;1;46795364;0;0;0;0;0;0;0;0;0;46794000;37.34966964;-121.93065421;-10.51242065;0.00000000;0.00000000;9.93504620;4.08305693;
46795481;12.3;27.6;0;0;0;-63.7;-0.32;0;0;0;0;0.001;0;0;0;0.0001;2;2;0;0;76;0;0;46795415;0;0;0;0.0001;0.91;60.609;0;0.64;0;0.004;0.004;1;46795431;0;0;0;0;0;0;0;0;0;46794000;37.34966964;-121.93065421;-10.51242065;0.00000000;0.00000000;9.93504620;4.08305693;
46795549;12.2;27.5;0;0;0;-86.2;-0.19;0;0;0;0;0.001;0;0;0;0.0001;2;2;0;0;76;0;0;46795482;0;0;0;0.0001;0.859;57.27;0;2.31;0;0.004;0.004;1;46795515;0;0;0;0;0;0;0;0;0;46794000;37.34966964;-121.93065421;-10.51242065;0.00000000;0.00000000;9.93504620;4.08305693;
46795633;12.1;27.5;0;0;0;-61.6;-0.3;0;0;0;0;0.001;0;0;0;0.0001;2;2;0;0;76;0;0;46795565;0;0;0;0.0001;0.904;60.236;0;1.21;0;0.004;0.004;1;46795583;0;0;0;0;0;0;0;0;0;46794000;37.34966964;-121.93065421;-10.51242065;0.00000000;0.00000000;9.93504620;4.08305693;
46795697;12.2;27.4;0;0;0;-65.9;-0.41;0;0;0;0;0;0;0;0;0.0001;2;2;0;0;76;0;0;46795634;0;0;0;0.0001;0.832;55.431;0;0.03;0;0.004;0.004;1;46795665;0;0;0;0;0;0;0;0;0;46794000;37.34966964;-121.93065421;-10.51242065;0.00000000;0.00000000;9.93504620;4.08305693;
46795780;12.1;27.5;0;0;0;-81.8;-0.32;0;0;0;0;0;0;0;0;0.0001;2;2;0;0;76;0;0;46795733;0;0;0;0.0001;0.871;58.009;0;1.43;0;0.004;0.004;1;46795733;0;0;0;0;0;0;0;0;0;46795000;37.34967273;-121.93065212;-11.26397705;0.00000000;0.00000000;9.93504620;4.07110929;
46795848;12.2;27.5;0;0;0;-65;-0.34;0;0;0;0;0.001;0;0;0;0.0001;2;2;0;0;76;0;0;46795780;0;0;0;0.0001;0.826;55.064;0;-1.34;0;0.004;0.004;1;46795816;0;0;0;0;0;0;0;0;0;46795000;37.34967273;-121.93065212;-11.26397705;0.00000000;0.00000000;9.93504620;4.07110929;
46795932;12.2;27.4;0;0;0;-67.1;-0.31;0;0;0;0;0;0;0;0;0.0001;2;2;0;0;76;0;0;46795864;0;0;0;0.0001;0.859;57.27;0;0.02;0;0.004;0.004;1;46795880;0;0;0;0;0;0;0;0;0;46795000;37.34967273;-121.93065212;-11.26397705;0.00000000;0.00000000;9.93504620;4.07110929;
46795997;12.1;27.4;0;0;0;-62.5;-0.32;0;0;0;0;0;0;0;0;0.0001;2;2;0;0;76;0;0;46795932;0;0;0;0.0001;0.865;57.639;0;0.95;0;0.004;0.004;1;46795970;0;0;0;0;0;0;0;0;0;46795000;37.34967273;-121.93065212;-11.26397705;0.00000000;0.00000000;9.93504620;4.07110929;
46796054;12.2;27.5;0;0;0;-79;-0.38;0;0;0;0;0;0;0;0;0.0001;2;2;0;0;76;0;0;46795998;0;0;0;0.0001;0.904;60.236;0;2.08;0;0.004;0.004;1;46795970;0;0;0;0;0;0;0;0;0;46795000;37.34967273;-121.93065212;-11.26397705;0.00000000;0.00000000;9.93504620;4.07110929;
46796116;12.2;27.5;0;0;0;-67.3;-0.38;0;0;0;0;0;0;0;0;0.0001;2;2;0;0;76;0;0;46796054;0;0;0;0.0001;0.854;56.901;0;0.81;0;0.004;0.004;1;46796085;0;0;0;0;0;0;0;0;0;46795000;37.34967273;-121.93065212;-11.26397705;0.00000000;0.00000000;9.93504620;4.07110929;
46796168;12.1;27.5;0;0;0;-65.3;-0.33;0;0;0;0;0.001;0;0;0;0.0001;2;2;0;0;76;0;0;46796117;0;0;0;0.0001;0.871;58.009;0;-0.73;0;0.004;0.004;1;46796085;0;0;0;0;0;0;0;0;0;46795000;37.34967273;-121.93065212;-11.26397705;0.00000000;0.00000000;9.93504620;4.07110929;
46796266;12.1;27.4;0;0;0;-69.8;-0.36;0;0;0;0;0;0;0;0;0.0001;2;2;0;0;76;0;0;46796187;0;0;0;0.0001;0.882;58.749;0;1.17;0;0.004;0.004;1;46796200;0;0;0;0;0;0;0;0;0;46795000;37.34967273;-121.93065212;-11.26397705;0.00000000;0.00000000;9.93504620;4.07110929;
46796355;12.3;27.5;0;0;0;-90.9;-0.35;0;0;0;0;0.001;0;0;0;0.0001;2;2;0;0;76;0;0;46796266;0;0;0;0.0001;0.893;59.492;0;1.99;0;0.004;0.004;1;46796306;0;0;0;0;0;0;0;0;0;46795000;37.34967273;-121.93065212;-11.26397705;0.00000000;0.00000000;9.93504620;4.07110929;
46796451;12.1;27.5;0;0;0;-75.1;-0.31;0;0;0;0;0;0;0;0;0.0001;2;2;0;0;76;0;0;46796387;0;0;0;0.0001;0.926;61.73;0;1.65;0;0.004;0.004;1;46796387;0;0;0;0;0;0;0;0;0;46795000;37.34967273;-121.93065212;-11.26397705;0.00000000;0.00000000;9.93504620;4.07110929;
46796567;12.3;27.5;0;0;0;-74.2;-0.33;0;0;0;0;0;0;0;0;0.0001;2;2;0;0;76;0;0;46796452;0;0;0;0.0001;0.943;62.856;0;2.31;0;0.004;0.004;1;46796488;0;0;0;0;0;0;0;0;0;46795000;37.34967273;-121.93065212;-11.26397705;0.00000000;0.00000000;9.93504620;4.07110929;
46796649;12.4;27.5;0;0;0;-67.1;-0.36;0;0;0;0;0.001;0;0;0;0.0001;2;2;0;0;76;0;0;46796568;0;0;0;0.0001;0.854;56.901;0;-1.06;0;0.004;0.004;1;46796589;0;0;0;0;0;0;0;0;0;46795000;37.34967273;-121.93065212;-11.26397705;0.00000000;0.00000000;9.93504620;4.07110929;
46796722;12.3;27.6;0;0;0;-72.5;-0.32;0;0;0;0;0.001;0;0;0;0.0001;2;2;0;0;76;0;0;46796686;0;0;0;0.0001;0.876;58.379;0;1.01;0;0.004;0.004;1;46796686;0;0;0;0;0;0;0;0;0;46795000;37.34967273;-121.93065212;-11.26397705;0.00000000;0.00000000;9.93504620;4.07110929;
46796767;12.1;27.4;0;0;0;-59.7;-0.3;0;0;0;0;0;0;0;0;0.0001;2;2;0;0;76;0;0;46796686;0;0;0;0.0001;0.876;58.379;0;1.01;0;0.004;0.004;1;46796686;0;0;0;0;0;0;0;0;0;46796000;37.34967177;-121.93065288;-11.77386475;0.00000000;0.00000000;9.93504620;3.83607650;
46796838;12.4;27.4;0;0;0;-64.9;-0.32;0;0;0;0;0;0;0;0;0.0001;2;2;0;0;76;0;0;46796802;0;0;0;0.0001;0.904;60.236;0;0.81;0;0.004;0.004;1;46796802;0;0;0;0;0;0;0;0;0;46796000;37.34967177;-121.93065288;-11.77386475;0.00000000;0.00000000;9.93504620;3.83607650;
46796918;12.2;27.5;0;0;0;-64.6;-0.33;0;0;0;0;0.001;0;0;0;0.0001;2;2;0;0;76;0;0;46796870;0;0;0;0.0001;0.848;56.533;0;-0.4;0;0.004;0.004;1;46796870;0;0;0;0;0;0;0;0;0;46796000;37.34967177;-121.93065288;-11.77386475;0.00000000;0.00000000;9.93504620;3.83607650;
46796985;12.4;27.4;0;0;0;-61.1;-0.35;0;0;0;0;0.001;0;0;0;0.0001;2;2;0;0;76;0;0;46796920;0;0;0;0.0001;0.882;58.749;0;0.69;0;0.004;0.004;1;46796957;0;0;0;0;0;0;0;0;0;46796000;37.34967177;-121.93065288;-11.77386475;0.00000000;0.00000000;9.93504620;3.83607650;
46797038;12.4;27.4;0;0;0;-62.3;-0.38;0;0;0;0;0;0;0;0;0.0001;2;2;0;0;76;0;0;46796920;0;0;0;0.0001;0.882;58.749;0;0.69;0;0.004;0.004;1;46796957;0;0;0;0;0;0;0;0;0;46796000;37.34967177;-121.93065288;-11.77386475;0.00000000;0.00000000;9.93504620;3.83607650;
46797106;12.2;27.5;0;0;0;-71.9;-0.34;0;0;0;0;0;0;0;0;0.0001;2;2;0;0;76;0;0;46797048;0;0;0;0.0001;0.887;59.121;0;0.71;0;0.004;0.004;1;46797070;0;0;0;0;0;0;0;0;0;46796000;37.34967177;-121.93065288;-11.77386475;0.00000000;0.00000000;9.93504620;3.83607650;
46797170;12.2;27.5;0;0;0;-64.7;-0.37;0;0;0;0;0.001;0;0;0;0.0001;2;2;0;0;76;0;0;46797106;0;0;0;0.0001;0.859;57.27;0;1.16;0;0.004;0.004;1;46797070;0;0;0;0;0;0;0;0;0;46796000;37.34967177;-121.93065288;-11.77386475;0.00000000;0.00000000;9.93504620;3.83607650;
46797277;12.1;27.5;0;0;0;-82.8;-0.36;0;0;0;0;0.001;0;0;0;0.0001;2;2;0;0;76;0;0;46797171;0;0;0;0.0001;0.843;56.165;0;-0.87;0;0.004;0.004;1;46797212;0;0;0;0;0;0;0;0;0;46796000;37.34967177;-121.93065288;-11.77386475;0.00000000;0.00000000;9.93504620;3.83607650;
46797338;12.1;27.6;0;0;0;-79.2;-0.34;0;0;0;0;0.001;0;0;0;0.0001;2;2;0;0;76;0;0;46797288;0;0;0;0.0001;0.854;56.901;0;-0.91;0;0.004;0.004;1;46797319;0;0;0;0;0;0;0;0;0;46796000;37.34967177;-121.93065288;-11.77386475;0.00000000;0.00000000;9.93504620;3.83607650;
46797403;12.4;27.5;0;0;0;-60.5;-0.32;0;0;0;0;0.001;0;0;0;0.0001;2;2;0;0;76;0;0;46797353;0;0;0;0.0001;0.865;57.639;0;1.96;0;0.004;0.004;1;46797319;0;0;0;0;0;0;0;0;0;46796000;37.34967177;-121.93065288;-11.77386475;0.00000000;0.00000000;9.93504620;3.83607650;
46797487;12.2;27.5;0;0;0;-87.4;-0.37;0;0;0;0;0.001;0;0;0;0.0001;2;2;0;0;76;0;0;46797438;0;0;0;0.0001;0.915;60.982;0;-0.96;0;0.004;0.004;1;46797438;0;0;0;0;0;0;0;0;0;46796000;37.34967177;-121.93065288;-11.77386475;0.00000000;0.00000000;9.93504620;3.83607650;
46797565;12.4;27.7;0;0;0;-67.5;-0.38;0;0;0;0;0.001;0;0;0;0.0001;2;2;0;0;76;0;0;46797506;0;0;0;0.0001;0.859;57.27;0;-1.15;0;0.004;0.004;1;46797521;0;0;0;0;0;0;0;0;0;46796000;37.34967177;-121.93065288;-11.77386475;0.00000000;0.00000000;9.93504620;3.83607650;
46797637;12.1;27.5;0;0;0;-70.8;-0.35;0;0;0;0;0.001;0;0;0;0.0001;2;2;0;0;76;0;0;46797586;0;0;0;0.0001;0.865;57.639;0;-0.4;0;0.004;0.004;1;46797621;0;0;0;0;0;0;0;0;0;46796000;37.34967177;-121.93065288;-11.77386475;0.00000000;0.00000000;9.93504620;3.83607650;
46797707;12.3;27.6;0;0;0;-105.4;-0.42;0;0;0;0;0;0;0;0;0.0001;2;2;0;0;76;0;0;46797655;0;0;0;0.0001;0.837;55.798;0;-0.89;0;0.004;0.004;1;46797621;0;0;0;0;0;0;0;0;0;46796000;37.34967177;-121.93065288;-11.77386475;0.00000000;0.00000000;9.93504620;3.83607650;
46797790;12.4;27.6;0;0;0;-103.8;-0.35;0;0;0;0;0;0;0;0;0.0001;2;2;0;0;76;0;0;46797740;0;0;0;0.0001;0.843;56.165;0;-0.65;0;0.004;0.004;1;46797739;0;0;0;0;0;0;0;0;0;46797000;37.34967622;-121.93065829;-12.06869507;0.00000000;0.00000000;9.93504620;3.95532179;
46797856;12.4;27.4;0;0;0;-60.9;-0.3;0;0;0;0;0;0;0;0;0.0001;2;2;0;0;76;0;0;46797791;0;0;0;0.0001;0.949;63.232;0;1.62;0;0.004;0.004;1;46797823;0;0;0;0;0;0;0;0;0;46797000;37.34967622;-121.93065829;-12.06869507;0.00000000;0.00000000;9.93504620;3.95532179;
46797938;12.4;27.4;0;0;0;-58.5;-0.35;0;0;0;0;0.001;0;0;0;0.0001;2;2;0;0;76;0;0;46797890;0;0;0;0.0001;0.926;61.73;0;1.42;0;0.004;0.004;1;46797890;0;0;0;0;0;0;0;0;0;46797000;37.34967622;-121.93065829;-12.06869507;0.00000000;0.00000000;9.93504620;3.95532179;
46798002;12.2;27.4;0;0;0;-58.6;-0.36;0;0;0;0;0.001;0;0;0;0.0001;2;2;0;0;76;0;0;46797939;0;0;0;0.0001;0.837;55.798;0;0.92;0;0.004;0.004;1;46797979;0;0;0;0;0;0;0;0;0;46797000;37.34967622;-121.93065829;-12.06869507;0.00000000;0.00000000;9.93504620;3.95532179;
46798057;12.1;27.4;0;0;0;-59;-0.32;0;0;0;0;0;0;0;0;0.0001;2;2;0;0;76;0;0;46797939;0;0;0;0.0001;0.837;55.798;0;0.92;0;0.004;0.004;1;46797979;0;0;0;0;0;0;0;0;0;46797000;37.34967622;-121.93065829;-12.06869507;0.00000000;0.00000000;9.93504620;3.95532179;
46798157;12.2;27.4;0;0;0;-58.4;-0.33;0;0;0;0;0;0;0;0;0.0001;2;2;0;0;76;0;0;46798072;0;0;0;0.0001;0.893;59.492;0;0.74;0;0.004;0.004;1;46798125;0;0;0;0;0;0;0;0;0;46797000;37.34967622;-121.93065829;-12.06869507;0.00000000;0.00000000;9.93504620;3.95532179;
46798240;12.1;27.4;0;0;0;-57.8;-0.32;0;0;0;0;0;0;0;0;0.0001;2;2;0;0;76;0;0;46798175;0;0;0;0.0001;0.837;55.798;0;-0.29;0;0.004;0.004;1;46798188;0;0;0;0;0;0;0;0;0;46797000;37.34967622;-121.93065829;-12.06869507;0.00000000;0.00000000;9.93504620;3.95532179;
46798303;12.3;27.5;0;0;0;-61.9;-0.32;0;0;0;0;0.001;0;0;0;0.0001;2;2;0;0;76;0;0;46798240;0;0;0;0.0001;0.859;57.27;0;-1.08;0;0.004;0.004;1;46798274;0;0;0;0;0;0;0;0;0;46797000;37.34967622;-121.93065829;-12.06869507;0.00000000;0.00000000;9.93504620;3.95532179;
46798357;12.4;27.4;0;0;0;-82.8;-0.21;0;0;0;0;0.001;0;0;0;0.0001;2;2;0;0;76;0;0;46798340;0;0;0;0.0001;0.921;61.356;0;-0.75;0;0.004;0.004;1;46798340;0;0;0;0;0;0;0;0;0;46797000;37.34967622;-121.93065829;-12.06869507;0.00000000;0.00000000;9.93504620;3.95532179;
46798460;12.1;27.5;0;0;0;-59.6;-0.43;0;0;0;0;0.001;0;0;0;0.0001;2;2;0;0;76;0;0;46798340;0;0;0;0.0001;0.921;61.356;0;-0.75;0;0.004;0.004;1;46798340;0;0;0;0;0;0;0;0;0;46797000;37.34967622;-121.93065829;-12.06869507;0.00000000;0.00000000;9.93504620;3.95532179;
46798544;12.2;27.4;0;0;0;-58.4;-0.26;0;0;0;0;0.001;0;0;0;0.0001;2;2;0;0;76;0;0;46798460;0;0;0;0.0001;0.832;55.431;0;-0.34;0;0.004;0.004;1;46798495;0;0;0;0;0;0;0;0;0;46797000;37.34967622;-121.93065829;-12.06869507;0.00000000;0.00000000;9.93504620;3.95532179;
46798629;12.1;27.4;0;0;0;-58.5;-0.39;0;0;0;0;0.001;0;0;0;0.0001;2;2;0;0;76;0;0;46798579;0;0;0;0.0001;0.837;55.798;0;-1.35;0;0.004;0.004;1;46798579;0;0;0;0;0;0;0;0;0;46797000;37.34967622;-121.93065829;-12.06869507;0.00000000;0.00000000;9.93504620;3.95532179;
46798693;12.3;27.4;0;0;0;-58.4;-0.17;0;0;0;0;0;0;0;0;0.0001;2;2;0;0;76;0;0;46798630;0;0;0;0.0001;0.865;57.639;0;1.59;0;0.004;0.004;1;46798661;0;0;0;0;0;0;0;0;0;46797000;37.34967622;-121.93065829;-12.06869507;0.00000000;0.00000000;9.93504620;3.95532179;
46798748;12.1;27.4;0;0;0;-58.5;-0.38;0;0;0;0;0;0;0;0;0.0001;2;2;0;0;76;0;0;46798732;0;0;0;0.0001;0.854;56.901;0;0.54;0;0.004;0.004;1;46798748;0;0;0;0;0;0;0;0;0;46798000;37.34967684;-121.93065734;-12.14837646;0.00000000;0.00000000;9.93504620;3.90152907;
46798808;12.3;27.4;0;0;0;-59.1;-0.3;0;0;0;0;0.001;0;0;0;0.0001;2;2;0;0;76;0;0;46798732;0;0;0;0.0001;0.854;56.901;0;0.54;0;0.004;0.004;1;46798748;0;0;0;0;0;0;0;0;0;46798000;37.34967684;-121.93065734;-12.14837646;0.00000000;0.00000000;9.93504620;3.90152907;
46798867;12.2;27.4;0;0;0;-57.7;-0.36;0;0;0;0;0.001;0;0;0;0.0001;2;2;0;0;76;0;0;46798809;0;0;0;0.0001;0.915;60.982;0;0.28;0;0.004;0.004;1;46798847;0;0;0;0;0;0;0;0;0;46798000;37.34967684;-121.93065734;-12.14837646;0.00000000;0.00000000;9.93504620;3.90152907;
46798961;12.2;27.4;0;0;0;-59.1;-0.34;0;0;0;0;0;0;0;0;0.0001;2;2;0;0;76;0;0;46798928;0;0;0;0.0001;0.837;55.798;0;-1.1;0;0.004;0.004;1;46798944;0;0;0;0;0;0;0;0;0;46798000;37.34967684;-121.93065734;-12.14837646;0.00000000;0.00000000;9.93504620;3.90152907;
46799046;12.2;27.4;0;0;0;-58.9;-0.36;0;0;0;0;0.001;0;0;0;0.0001;2;2;0;0;76;0;0;46798997;0;0;0;0.0001;0.848;56.533;0;-0.25;0;0.004;0.004;1;46798997;0;0;0;0;0;0;0;0;0;46798000;37.34967684;-121.93065734;-12.14837646;0.00000000;0.00000000;9.93504620;3.90152907;
46799144;12.2;27.4;0;0;0;-58.1;-0.36;0;0;0;0;0.001;0;0;0;0.0001;2;2;0;0;76;0;0;46799060;0;0;0;0.0001;0.859;57.27;0;1.99;0;0.004;0.004;1;46799077;0;0;0;0;0;0;0;0;0;46798000;37.34967684;-121.93065734;-12.14837646;0.00000000;0.00000000;9.93504620;3.90152907;
46799199;12.3;27.5;0;0;0;-59.7;-0.33;0;0;0;0;0;0;0;0;0.0001;2;2;0;0;76;0;0;46799178;0;0;0;0.0001;0.926;61.73;0;0.99;0;0.004;0.004;1;46799178;0;0;0;0;0;0;0;0;0;46798000;37.34967684;-121.93065734;-12.14837646;0.00000000;0.00000000;9.93504620;3.90152907;
46799260;12.3;27.4;0;0;0;-58.3;-0.35;0;0;0;0;0.001;0;0;0;0.0001;2;2;0;0;76;0;0;46799178;0;0;0;0.0001;0.926;61.73;0;0.99;0;0.004;0.004;1;46799178;0;0;0;0;0;0;0;0;0;46798000;37.34967684;-121.93065734;-12.14837646;0.00000000;0.00000000;9.93504620;3.90152907;
46799347;12.2;27.4;0;0;0;-59;-0.34;0;0;0;0;0;0;0;0;0.0001;2;2;0;0;76;0;0;46799295;0;0;0;0.0001;0.887;59.121;0;-0.33;0;0.004;0.004;1;46799295;0;0;0;0;0;0;0;0;0;46798000;37.34967684;-121.93065734;-12.14837646;0.00000000;0.00000000;9.93504620;3.90152907;
46799447;12.1;27.4;0;0;0;-58.1;-0.4;0;0;0;0;0;0;0;0;0.0001;2;2;0;0;76;0;0;46799363;0;0;0;0.0001;0.882;58.749;0;-1;0;0.004;0.004;1;46799418;0;0;0;0;0;0;0;0;0;46798000;37.34967684;-121.93065734;-12.14837646;0.00000000;0.00000000;9.93504620;3.90152907;
46799498;12.1;27.4;0;0;0;-58.5;-0.31;0;0;0;0;0.001;0;0;0;0.0001;2;2;0;0;76;0;0;46799481;0;0;0;0.0001;0.921;61.356;0;0.11;0;0.004;0.004;1;46799418;0;0;0;0;0;0;0;0;0;46798000;37.34967684;-121.93065734;-12.14837646;0.00000000;0.00000000;9.93504620;3.90152907;
46799565;12.1;27.4;0;0;0;-59.5;-0.42;0;0;0;0;0.001;0;0;0;0.0001;2;2;0;0;76;0;0;46799481;0;0;0;0.0001;0.921;61.356;0;0.11;0;0.004;0.004;1;46799520;0;0;0;0;0;0;0;0;0;46798000;37.34967684;-121.93065734;-12.14837646;0.00000000;0.00000000;9.93504620;3.90152907;
46799647;12.4;27.4;0;0;0;-57.8;-0.36;0;0;0;0;0.001;0;0;0;0.0001;2;2;0;0;76;0;0;46799595;0;0;0;0.0001;0.832;55.431;0;-0.42;0;0.004;0.004;1;46799595;0;0;0;0;0;0;0;0;0;46798000;37.34967684;-121.93065734;-12.14837646;0.00000000;0.00000000;9.93504620;3.90152907;
46799720;12.1;27.4;0;0;0;-58.1;-0.42;0;0;0;0;0.001;0;0;0;0.0001;2;2;0;0;76;0;0;46799664;0;0;0;0.0001;0.926;61.73;0;0.53;0;0.004;0.004;1;46799679;0;0;0;0;0;0;0;0;0;46798000;37.34967684;-121.93065734;-12.14837646;0.00000000;0.00000000;9.93504620;3.90152907;
46799797;12.3;27.4;0;0;0;-58.6;-0.37;0;0;0;0;0;0;0;0;0.0001;2;2;0;0;76;0;0;46799780;0;0;0;0.0001;0.943;62.856;0;2.22;0;0.004;0.004;1;46799780;0;0;0;0;0;0;0;0;0;46799000;37.34967559;-121.93065941;-12.38772583;0.00000000;0.00000000;9.93504620;3.73466086;
46799865;12.1;27.4;0;0;0;-57.8;-0.43;0;0;0;0;0;0;0;0;0.0001;2;2;0;0;76;0;0;46799780;0;0;0;0.0001;0.943;62.856;0;2.22;0;0.004;0.004;1;46799780;0;0;0;0;0;0;0;0;0;46799000;37.34967559;-121.93065941;-12.38772583;0.00000000;0.00000000;9.93504620;3.73466086;
46799949;12.3;27.4;0;0;0;-60.4;-0.38;0;0;0;0;0.001;0;0;0;0.0001;2;2;0;0;76;0;0;46799866;0;0;0;0.0001;0.882;58.749;0;1.99;0;0.004;0.004;1;46799902;0;0;0;0;0;0;0;0;0;46799000;37.34967559;-121.93065941;-12.38772583;0.00000000;0.00000000;9.93504620;3.73466086;
46800019;12.2;27.3;0;0;0;-57.5;-0.36;0;0;0;0;0.001;0;0;0;0.0001;2;2;0;0;76;0;0;46799950;0;0;0;0.0001;0.837;55.798;0;-1.63;0;0.004;0.004;1;46799984;0;0;0;0;0;0;0;0;0;46799000;37.34967559;-121.93065941;-12.38772583;0.00000000;0.00000000;9.93504620;3.73466086;
46800098;12.1;27.7;0;0;0;-67;-0.41;0;0;0;0;0.001;0;0;0;0.0001;2;2;0;0;76;0;0;46800083;0;0;0;0.0001;0.859;57.27;0;-0.7;0;0.004;0.004;1;46800083;0;0;0;0;0;0;0;0;0;46799000;37.34967559;-121.93065941;-12.38772583;0.00000000;0.00000000;9.93504620;3.73466086;
46800199;12.1;27.4;0;0;0;-57.8;-0.37;0;0;0;0;0.001;0;0;0;0.0001;2;2;0;0;76;0;0;46800137;0;0;0;0.0001;0.854;56.901;0;-0.02;0;0.004;0.004;1;46800137;0;0;0;0;0;0;0;0;0;46799000;37.34967559;-121.93065941;-12.38772583;0.00000000;0.00000000;9.93504620;3.73466086;
46800284;12.1;27.4;0;0;0;-59.2;-0.38;0;0;0;0;0;0;0;0;0.0001;2;2;0;0;76;0;0;46800200;0;0;0;0.0001;0.915;60.982;0;0.61;0;0.004;0.004;1;46800236;0;0;0;0;0;0;0;0;0;46799000;37.34967559;-121.93065941;-12.38772583;0.00000000;0.00000000;9.93504620;3.73466086;
46800367;12.1;27.4;0;0;0;-57.5;-0.4;0;0;0;0;0.001;0;0;0;0.0001;2;2;0;0;76;0;0;46800320;0;0;0;0.0001;0.848;56.533;0;-0.39;0;0.004;0.004;1;46800350;0;0;0;0;0;0;0;0;0;46799000;37.34967559;-121.93065941;-12.38772583;0.00000000;0.00000000;9.93504620;3.73466086;
46800431;12.3;27.5;0;0;0;-79.9;-0.42;0;0;0;0;0.001;0;0;0;0.0001;2;2;0;0;76;0;0;46800400;0;0;0;0.0001;0.893;59.492;0;0.68;0;0.004;0.004;1;46800350;0;0;0;0;0;0;0;0;0;46799000;37.34967559;-121.93065941;-12.38772583;0.00000000;0.00000000;9.93504620;3.73466086;
46800534;12.1;27.4;0;0;0;-57.9;-0.35;0;0;0;0;0;0;0;0;0.0001;2;2;0;0;76;0;0;46800498;0;0;0;0.0001;0.859;57.27;0;-0.53;0;0.004;0.004;1;46800465;0;0;0;0;0;0;0;0;0;46799000;37.34967559;-121.93065941;-12.38772583;0.00000000;0.00000000;9.93504620;3.73466086;
46800619;12.1;27.4;0;0;0;-58.9;-0.36;0;0;0;0;0.001;0;0;0;0.0001;2;2;0;0;76;0;0;46800584;0;0;0;0.0001;0.893;59.492;0;-0.73;0;0.004;0.004;1;46800547;0;0;0;0;0;0;0;0;0;46799000;37.34967559;-121.93065941;-12.38772583;0.00000000;0.00000000;9.93504620;3.73466086;
46800666;12.2;27.5;0;0;0;-61.6;-0.33;0;0;0;0;0;0;0;0;0.0001;2;2;0;0;76;0;0;46800584;0;0;0;0.0001;0.893;59.492;0;-0.73;0;0.004;0.004;1;46800648;0;0;0;0;0;0;0;0;0;46799000;37.34967559;-121.93065941;-12.38772583;0.00000000;0.00000000;9.93504620;3.73466086;
46800799;12.3;27.5;0;0;0;-65.9;-0.39;0;0;0;0;0.001;0;0;0;0.0001;2;2;0;0;76;0;0;46800734;0;0;0;0.0001;0.893;59.492;0;-1.94;0;0.004;0.004;1;46800767;0;0;0;0;0;0;0;0;0;46800000;37.34967176;-121.93065750;-12.33068848;0.00000000;0.00000000;9.93504620;3.93088055;
46800883;12.1;27.5;0;0;0;-60;-0.24;0;0;0;0;0.001;0;0;0;0.0001;2;2;0;0;76;0;0;46800817;0;0;0;0.0001;0.921;61.356;0;-0.5;0;0.004;0.004;1;46800851;0;0;0;0;0;0;0;0;0;46800000;37.34967176;-121.93065750;-12.33068848;0.00000000;0.00000000;9.93504620;3.93088055;
46800967;12.2;27.4;0;0;0;-57.6;-0.27;0;0;0;0;0;0;0;0;0.0001;2;2;0;0;76;0;0;46800918;0;0;0;0.0001;0.876;58.379;0;0.78;0;0.004;0.004;1;46800934;0;0;0;0;0;0;0;0;0;46800000;37.34967176;-121.93065750;-12.33068848;0.00000000;0.00000000;9.93504620;3.93088055;
46801037;12.2;27.4;0;0;0;-58.6;-0.36;0;0;0;0;0.001;0;0;0;0.0001;2;2;0;0;76;0;0;46801000;0;0;0;0.0001;0.854;56.901;0;1.46;0;0.004;0.004;1;46800934;0;0;0;0;0;0;0;0;0;46800000;37.34967176;-121.93065750;-12.33068848;0.00000000;0.00000000;9.93504620;3.93088055;
46801124;12.4;27.4;0;0;0;-59.8;-0.41;0;0;0;0;0.001;0;0;0;0.0001;2;2;0;0;76;0;0;46801085;0;0;0;0.0001;0.837;55.798;0;-0.21;0;0.004;0.004;1;46801057;0;0;0;0;0;0;0;0;0;46800000;37.34967176;-121.93065750;-12.33068848;0.00000000;0.00000000;9.93504620;3.93088055;
46801186;12.2;27.4;0;0;0;-57.5;-0.35;0;0;0;0;0;0;0;0;0.0001;2;2;0;0;76;0;0;46801085;0;0;0;0.0001;0.837;55.798;0;-0.21;0;0.004;0.004;1;46801152;0;0;0;0;0;0;0;0;0;46800000;37.34967176;-121.93065750;-12.33068848;0.00000000;0.00000000;9.93504620;3.93088055;
46801269;12.2;27.5;0;0;0;-59.7;-0.31;0;0;0;0;0.001;0;0;0;0.0001;2;2;0;0;76;0;0;46801218;0;0;0;0.0001;0.898;59.864;0;-1.16;0;0.004;0.004;1;46801218;0;0;0;0;0;0;0;0;0;46801204;37.34961670;-121.93061490;-12.19999981;0.00000000;0.00000000;20.60300064;3.30000019;
46801338;12.3;27.5;0;0;0;-59.3;-0.27;0;0;0;0;0;0;0;0;0.0001;2;2;0;0;76;0;0;46801270;0;0;0;0.0001;0.893;59.492;0;0.85;0;0.004;0.004;1;46801304;0;0;0;0;0;0;0;0;0;46801204;37.34961670;-121.93061490;-12.19999981;0.00000000;0.00000000;20.60300064;3.30000019;
46801419;12.1;27.4;0;0;0;-58.8;-0.38;0;0;0;0;0;0;0;0;0.0001;2;2;0;0;76;0;0;46801386;0;0;0;0.0001;0.859;57.27;0;-0.17;0;0.004;0.004;1;46801402;0;0;0;0;0;0;0;0;0;46801204;37.34961670;-121.93061490;-12.19999981;0.00000000;0.00000000;20.60300064;3.30000019;
46801521;12.1;27.4;0;0;0;-57.8;-0.29;0;0;0;0;0.001;0;0;0;0.0001;2;2;0;0;76;0;0;46801486;0;0;0;0.0001;0.865;57.639;0;0.38;0;0.004;0.004;1;46801486;0;0;0;0;0;0;0;0;0;46801204;37.34961670;-121.93061490;-12.19999981;0.00000000;0.00000000;20.60300064;3.30000019;
46801604;12.2;27.4;0;0;0;-58.7;-0.22;0;0;0;0;0.001;0;0;0;0.0001;2;2;0;0;76;0;0;46801570;0;0;0;0.0001;0.932;62.105;0;0.15;0;0.004;0.004;1;46801570;0;0;0;0;0;0;0;0;0;46801204;37.34961670;-121.93061490;-12.19999981;0.00000000;0.00000000;20.60300064;3.30000019;
46801669;12.4;27.5;0;0;0;-61.3;-0.31;0;0;0;0;0;0;0;0;0.0001;2;2;0;0;76;0;0;46801570;0;0;0;0.0001;0.932;62.105;0;0.15;0;0.004;0.004;1;46801570;0;0;0;0;0;0;0;0;0;46801204;37.34961670;-121.93061490;-12.19999981;0.00000000;0.00000000;20.60300064;3.30000019;
46801776;12.4;27.5;0;0;0;-60.1;-0.35;0;0;0;0;0;0;0;0;0.0001;2;2;0;0;76;0;0;46801670;0;0;0;0.0001;0.854;56.901;0;-0.12;0;0.004;0.004;1;46801686;0;0;0;0;0;0;0;0;0;46801000;37.34967481;-121.93065780;-12.47344971;0.00000000;0.00000000;9.93504620;3.67772269;
46801871;12.4;27.4;0;0;0;-59.3;-0.24;0;0;0;0;0.001;0;0;0;0.0001;2;2;0;0;76;0;0;46801810;0;0;0;0.0001;0.887;59.121;0;1.49;0;0.004;0.004;1;46801811;0;0;0;0;0;0;0;0;0;46801000;37.34967481;-121.93065780;-12.47344971;0.00000000;0.00000000;9.93504620;3.67772269;
46801958;12.1;27.5;0;0;0;-63.5;-0.26;0;0;0;0;0.001;0;0;0;0.0001;2;2;0;0;76;0;0;46801905;0;0;0;0.0001;0.904;60.236;0;-0.39;0;0.004;0.004;1;46801940;0;0;0;0;0;0;0;0;0;46801000;37.34967481;-121.93065780;-12.47344971;0.00000000;0.00000000;9.93504620;3.67772269;
46802026;12.3;27.5;0;0;0;-61.7;-0.26;0;0;0;0;0;0;0;0;0.0001;2;2;0;0;76;0;0;46801989;0;0;0;0.0001;0.865;57.639;0;-0.78;0;0.004;0.004;1;46801940;0;0;0;0;0;0;0;0;0;46801000;37.34967481;-121.93065780;-12.47344971;0.00000000;0.00000000;9.93504620;3.67772269;
46802090;12.2;27.5;0;0;0;-60.8;-0.33;0;0;0;0;0;0;0;0;0.0001;2;2;0;0;76;0;0;46801989;0;0;0;0.0001;0.865;57.639;0;-0.78;0;0.004;0.004;1;46802027;0;0;0;0;0;0;0;0;0;46801000;37.34967481;-121.93065780;-12.47344971;0.00000000;0.00000000;9.93504620;3.67772269;
46802197;12.3;27.3;0;0;0;-58.1;-0.29;0;0;0;0;0;0;0;0;0.0001;2;2;0;0;76;0;0;46802090;0;0;0;0.0001;0.915;60.982;0;-0.15;0;0.004;0.004;1;46802106;0;0;0;0;0;0;0;0;0;46801000;37.34967481;-121.93065780;-12.47344971;0.00000000;0.00000000;9.93504620;3.67772269;
46802288;12.1;27.4;0;0;0;-58.1;-0.22;0;0;0;0;0;0;0;0;0.0001;2;2;0;0;76;0;0;46802198;0;0;0;0.0001;0.91;60.609;0;-0.72;0;0.004;0.004;1;46802227;0;0;0;0;0;0;0;0;0;46801000;37.34967481;-121.93065780;-12.47344971;0.00000000;0.00000000;9.93504620;3.67772269;
46802364;12.2;27.4;0;0;0;-58;-0.36;0;0;0;0;0;0;0;0;0.0001;2;2;0;0;76;0;0;46802326;0;0;0;0.0001;0.871;58.009;0;-0.92;0;0.004;0.004;1;46802327;0;0;0;0;0;0;0;0;0;46801000;37.34967481;-121.93065780;-12.47344971;0.00000000;0.00000000;9.93504620;3.67772269;
46802411;12.1;27.4;0;0;0;-57.1;-0.32;0;0;0;0;0.001;0;0;0;0.0001;2;2;0;0;76;0;0;46802326;0;0;0;0.0001;0.871;58.009;0;-0.92;0;0.004;0.004;1;46802327;0;0;0;0;0;0;0;0;0;46801000;37.34967481;-121.93065780;-12.47344971;0.00000000;0.00000000;9.93504620;3.67772269;
46802484;12.1;27.4;0;0;0;-58.2;-0.32;0;0;0;0;0.001;0;0;0;0.0001;2;2;0;0;76;0;0;46802411;0;0;0;0.0001;0.898;59.864;0;0.89;0;0.004;0.004;1;46802448;0;0;0;0;0;0;0;0;0;46801000;37.34967481;-121.93065780;-12.47344971;0.00000000;0.00000000;9.93504620;3.67772269;
46802537;12.1;27.4;0;0;0;-57.9;-0.34;0;0;0;0;0;0;0;0;0.0001;2;2;0;0;76;0;0;46802484;0;0;0;0.0001;0.887;59.121;0;-0.25;0;0.004;0.004;1;46802448;0;0;0;0;0;0;0;0;0;46801000;37.34967481;-121.93065780;-12.47344971;0.00000000;0.00000000;9.93504620;3.67772269;
46802619;12.3;27.4;0;0;0;-57.6;-0.4;0;0;0;0;0;0;0;0;0.0001;2;2;0;0;76;0;0;46802537;0;0;0;0.0001;0.865;57.639;0;-1.41;0;0.004;0.004;1;46802560;0;0;0;0;0;0;0;0;0;46801000;37.34967481;-121.93065780;-12.47344971;0.00000000;0.00000000;9.93504620;3.67772269;
46802677;12.2;27.4;0;0;0;-58.6;-0.26;0;0;0;0;0.001;0;0;0;0.0001;2;2;0;0;76;0;0;46802620;0;0;0;0.0001;0.904;60.236;0;0.42;0;0.004;0.004;1;46802659;0;0;0;0;0;0;0;0;0;46801000;37.34967481;-121.93065780;-12.47344971;0.00000000;0.00000000;9.93504620;3.67772269;
46802749;12.1;27.4;0;0;0;-57.7;-0.34;0;0;0;0;0;0;0;0;0.0001;2;2;0;0;76;0;0;46802693;0;0;0;0.0001;0.91;60.609;0;0.67;0;0.004;0.004;1;46802659;0;0;0;0;0;0;0;0;0;46801000;37.34967481;-121.93065780;-12.47344971;0.00000000;0.00000000;9.93504620;3.67772269;
46802812;12.1;27.4;0;0;0;-58.8;-0.33;0;0;0;0;0.001;0;0;0;0.0001;2;2;0;0;76;0;0;46802765;0;0;0;0.0001;0.91;60.609;0;0.28;0;0.004;0.004;1;46802774;0;0;0;0;0;0;0;0;0;46802000;37.34967245;-121.93066043;-12.84417725;0.00000000;0.00000000;9.93504620;3.66655207;
46802897;12.2;27.4;0;0;0;-59.1;-0.25;0;0;0;0;0;0;0;0;0.0001;2;2;0;0;76;0;0;46802859;0;0;0;0.0001;0.887;59.121;0;2.21;0;0.004;0.004;1;46802859;0;0;0;0;0;0;0;0;0;46802000;37.34967245;-121.93066043;-12.84417725;0.00000000;0.00000000;9.93504620;3.66655207;
46802948;12.1;27.4;0;0;0;-57.6;-0.32;0;0;0;0;0;0;0;0;0.0001;2;2;0;0;76;0;0;46802859;0;0;0;0.0001;0.887;59.121;0;2.21;0;0.004;0.004;1;46802859;0;0;0;0;0;0;0;0;0;46802000;37.34967245;-121.93066043;-12.84417725;0.00000000;0.00000000;9.93504620;3.66655207;
46803027;12.3;27.4;0;0;0;-58.2;-0.33;0;0;0;0;0.001;0;0;0;0.0001;2;2;0;0;76;0;0;46802949;0;0;0;0.0001;0.826;55.064;0;-0.34;0;0.004;0.004;1;46802977;0;0;0;0;0;0;0;0;0;46802000;37.34967245;-121.93066043;-12.84417725;0.00000000;0.00000000;9.93504620;3.66655207;
46803096;12.1;27.4;0;0;0;-57.9;-0.28;0;0;0;0;0.001;0;0;0;0.0001;2;2;0;0;76;0;0;46803037;0;0;0;0.0001;0.898;59.864;0;-0.47;0;0.004;0.004;1;46803042;0;0;0;0;0;0;0;0;0;46802000;37.34967245;-121.93066043;-12.84417725;0.00000000;0.00000000;9.93504620;3.66655207;
46803193;12.2;27.3;0;0;0;-57;-0.31;0;0;0;0;0.001;0;0;0;0.0001;2;2;0;0;76;0;0;46803113;0;0;0;0.0001;0.865;57.639;0;-0.46;0;0.004;0.004;1;46803162;0;0;0;0;0;0;0;0;0;46802000;37.34967245;-121.93066043;-12.84417725;0.00000000;0.00000000;9.93504620;3.66655207;
46803257;12.4;27.4;0;0;0;-58.9;-0.35;0;0;0;0;0;0;0;0;0.0001;2;2;0;0;76;0;0;46803194;0;0;0;0.0001;0.926;61.73;0;0.54;0;0.004;0.004;1;46803162;0;0;0;0;0;0;0;0;0;46802000;37.34967245;-121.93066043;-12.84417725;0.00000000;0.00000000;9.93504620;3.66655207;
46803307;12.2;27.4;0;0;0;-59.4;-0.25;0;0;0;0;0.001;0;0;0;0.0001;2;2;0;0;76;0;0;46803258;0;0;0;0.0001;0.859;57.27;0;1.25;0;0.004;0.004;1;46803276;0;0;0;0;0;0;0;0;0;46802000;37.34967245;-121.93066043;-12.84417725;0.00000000;0.00000000;9.93504620;3.66655207;
46803378;12.3;27.4;0;0;0;-57.7;-0.33;0;0;0;0;0.001;0;0;0;0.0001;2;2;0;0;76;0;0;46803339;0;0;0;0.0001;0.898;59.864;0;0.49;0;0.004;0.004;1;46803339;0;0;0;0;0;0;0;0;0;46802000;37.34967245;-121.93066043;-12.84417725;0.00000000;0.00000000;9.93504620;3.66655207;
46803461;12.3;27.4;0;0;0;-57.3;-0.37;0;0;0;0;0.001;0;0;0;0.0001;2;2;0;0;76;0;0;46803398;0;0;0;0.0001;0.876;58.379;0;-0.16;0;0.004;0.004;1;46803411;0;0;0;0;0;0;0;0;0;46802000;37.34967245;-121.93066043;-12.84417725;0.00000000;0.00000000;9.93504620;3.66655207;
46803521;12.3;27.4;0;0;0;-58.3;-0.34;0;0;0;0;0.001;0;0;0;0.0001;2;2;0;0;76;0;0;46803462;0;0;0;0.0001;0.882;58.749;0;0.85;0;0.004;0.004;1;46803494;0;0;0;0;0;0;0;0;0;46802000;37.34967245;-121.93066043;-12.84417725;0.00000000;0.00000000;9.93504620;3.66655207;
46803610;12.2;27.4;0;0;0;-59;-0.34;0;0;0;0;0;0;0;0;0.0001;2;2;0;0;76;0;0;46803560;0;0;0;0.0001;0.876;58.379;0;0.79;0;0.004;0.004;1;46803560;0;0;0;0;0;0;0;0;0;46802000;37.34967245;-121.93066043;-12.84417725;0.00000000;0.00000000;9.93504620;3.66655207;
46803696;12.2;27.4;0;0;0;-58.2;-0.37;0;0;0;0;0.001;0;0;0;0.0001;2;2;0;0;76;0;0;46803645;0;0;0;0.0001;0.848;56.533;0;-0.44;0;0.004;0.004;1;46803646;0;0;0;0;0;0;0;0;0;46802000;37.34967245;-121.93066043;-12.84417725;0.00000000;0.00000000;9.93504620;3.66655207;
46803796;12.2;27.4;0;0;0;-57.7;-0.28;0;0;0;0;0.001;0;0;0;0.0001;2;2;0;0;76;0;0;46803711;0;0;0;0.0001;0.938;62.48;0;0.69;0;0.004;0.004;1;46803744;0;0;0;0;0;0;0;0;0;46803000;37.34967401;-121.93066426;-13.34545898;0.00000000;0.00000000;9.93504620;3.37471867;
46803849;12.1;27.4;0;0;0;-57.7;-0.36;0;0;0;0;0;0;0;0;0.0001;2;2;0;0;76;0;0;46803796;0;0;0;0.0001;0.921;61.356;0;-0.86;0;0.004;0.004;1;46803829;0;0;0;0;0;0;0;0;0;46803000;37.34967401;-121.93066426;-13.34545898;0.00000000;0.00000000;9.93504620;3.37471867;
46803914;12.1;27.4;0;0;0;-59;-0.26;0;0;0;0;0.001;0;0;0;0.0001;2;2;0;0;76;0;0;46803863;0;0;0;0.0001;0.882;58.749;0;1.01;0;0.004;0.004;1;46803829;0;0;0;0;0;0;0;0;0;46803000;37.34967401;-121.93066426;-13.34545898;0.00000000;0.00000000;9.93504620;3.37471867;
46803998;12.2;27.4;0;0;0;-57.5;-0.28;0;0;0;0;0;0;0;0;0.0001;2;2;0;0;76;0;0;46803948;0;0;0;0.0001;0.865;57.639;0;-0.64;0;0.004;0.004;1;46803948;0;0;0;0;0;0;0;0;0;46803000;37.34967401;-121.93066426;-13.34545898;0.00000000;0.00000000;9.93504620;3.37471867;
46804065;12.3;27.4;0;0;0;-57.6;-0.31;0;0;0;0;0.001;0;0;0;0.0001;2;2;0;0;76;0;0;46803999;0;0;0;0.0001;0.893;59.492;0;0.82;0;0.004;0.004;1;46804031;0;0;0;0;0;0;0;0;0;46803000;37.34967401;-121.93066426;-13.34545898;0.00000000;0.00000000;9.93504620;3.37471867;
46804150;12.3;27.4;0;0;0;-60.1;-0.32;0;0;0;0;0.001;0;0;0;0.0001;2;2;0;0;76;0;0;46804128;0;0;0;0.0001;0.865;57.639;0;-0.14;0;0.004;0.004;1;46804128;0;0;0;0;0;0;0;0;0;46803000;37.34967401;-121.93066426;-13.34545898;0.00000000;0.00000000;9.93504620;3.37471867;
46804215;12.1;27.4;0;0;0;-60.9;-0.21;0;0;0;0;0;0;0;0;0.0001;2;2;0;0;76;0;0;46804128;0;0;0;0.0001;0.865;57.639;0;-0.14;0;0.004;0.004;1;46804128;0;0;0;0;0;0;0;0;0;46803000;37.34967401;-121.93066426;-13.34545898;0.00000000;0.00000000;9.93504620;3.37471867;
46804298;12.2;27.5;0;0;0;-59.4;-0.34;0;0;0;0;0.001;0;0;0;0.0001;2;2;0;0;76;0;0;46804215;0;0;0;0.0001;0.904;60.236;0;1.41;0;0.004;0.004;1;46804254;0;0;0;0;0;0;0;0;0;46803000;37.34967401;-121.93066426;-13.34545898;0.00000000;0.00000000;9.93504620;3.37471867;
46804387;12.2;27.5;0;0;0;-59.7;-0.27;0;0;0;0;0.001;0;0;0;0.0001;2;2;0;0;76;0;0;46804298;0;0;0;0.0001;0.91;60.609;0;0.49;0;0.004;0.004;1;46804335;0;0;0;0;0;0;0;0;0;46803000;37.34967401;-121.93066426;-13.34545898;0.00000000;0.00000000;9.93504620;3.37471867;
46804481;12.3;27.4;0;0;0;-65.4;-0.29;0;0;0;0;0;0;0;0;0.0001;2;2;0;0;76;0;0;46804399;0;0;0;0.0001;0.915;60.982;0;0.84;0;0.004;0.004;1;46804432;0;0;0;0;0;0;0;0;0;46803000;37.34967401;-121.93066426;-13.34545898;0.00000000;0.00000000;9.93504620;3.37471867;
46804567;12.3;27.7;0;0;0;-66.4;-0.36;0;0;0;0;0.001;0;0;0;0.0001;2;2;0;0;76;0;0;46804520;0;0;0;0.0001;0.915;60.982;0;-0.1;0;0.004;0.004;1;46804520;0;0;0;0;0;0;0;0;0;46803000;37.34967401;-121.93066426;-13.34545898;0.00000000;0.00000000;9.93504620;3.37471867;
46804632;12.2;27.4;0;0;0;-59.1;-0.27;0;0;0;0;0.001;0;0;0;0.0001;2;2;0;0;76;0;0;46804582;0;0;0;0.0001;0.904;60.236;0;-0.57;0;0.004;0.004;1;46804603;0;0;0;0;0;0;0;0;0;46803000;37.34967401;-121.93066426;-13.34545898;0.00000000;0.00000000;9.93504620;3.37471867;
46804719;12.2;27.4;0;0;0;-57.7;-0.28;0;0;0;0;0.001;0;0;0;0.0001;2;2;0;0;76;0;0;46804667;0;0;0;0.0001;0.871;58.009;0;-0.3;0;0.004;0.004;1;46804667;0;0;0;0;0;0;0;0;0;46803000;37.34967401;-121.93066426;-13.34545898;0.00000000;0.00000000;9.93504620;3.37471867;
46804816;12.2;27.4;0;0;0;-58.4;-0.38;0;0;0;0;0.001;0;0;0;0.0001;2;2;0;0;76;0;0;46804720;0;0;0;0.0001;0.91;60.609;0;1.07;0;0.004;0.004;1;46804748;0;0;0;0;0;0;0;0;0;46804000;37.34967176;-121.93066111;-13.56295776;0.00000000;0.00000000;9.93504620;3.38229084;
46804870;12.1;27.4;0;0;0;-59.4;-0.33;0;0;0;0;0;0;0;0;0.0001;2;2;0;0;76;0;0;46804849;0;0;0;0.0001;0.871;58.009;0;-0.74;0;0.004;0.004;1;46804849;0;0;0;0;0;0;0;0;0;46804000;37.34967176;-121.93066111;-13.56295776;0.00000000;0.00000000;9.93504620;3.38229084;
46804933;12.1;27.4;0;0;0;-59.1;-0.42;0;0;0;0;0.001;0;0;0;0.0001;2;2;0;0;76;0;0;46804849;0;0;0;0.0001;0.871;58.009;0;-0.74;0;0.004;0.004;1;46804849;0;0;0;0;0;0;0;0;0;46804000;37.34967176;-121.93066111;-13.56295776;0.00000000;0.00000000;9.93504620;3.38229084;
46805017;12.2;27.4;0;0;0;-58.8;-0.34;0;0;0;0;0.001;0;0;0;0.0001;2;2;0;0;76;0;0;46804933;0;0;0;0.0001;0.938;62.48;0;-1.67;0;0.004;0.004;1;46804974;0;0;0;0;0;0;0;0;0;46804000;37.34967176;-121.93066111;-13.56295776;0.00000000;0.00000000;9.93504620;3.38229084;
46805118;12.1;27.4;0;0;0;-58.1;-0.41;0;0;0;0;0.001;0;0;0;0.0001;2;2;0;0;76;0;0;46805029;0;0;0;0.0001;0.876;58.379;0;-0.01;0;0.004;0.004;1;46805050;0;0;0;0;0;0;0;0;0;46804000;37.34967176;-121.93066111;-13.56295776;0.00000000;0.00000000;9.93504620;3.38229084;
46805204;12.2;27.7;0;0;0;-67.7;-0.39;0;0;0;0;0.001;0;0;0;0.0001;2;2;0;0;76;0;0;46805119;0;0;0;0.0001;0.859;57.27;0;1.88;0;0.004;0.004;1;46805154;0;0;0;0;0;0;0;0;0;46804000;37.34967176;-121.93066111;-13.56295776;0.00000000;0.00000000;9.93504620;3.38229084;
46805289;12.1;27.6;0;0;0;-91.2;-0.33;0;0;0;0;0.001;0;0;0;0.0001;2;2;0;0;76;0;0;46805204;0;0;0;0.0001;0.882;58.749;0;-0.45;0;0.004;0.004;1;46805237;0;0;0;0;0;0;0;0;0;46804000;37.34967176;-121.93066111;-13.56295776;0.00000000;0.00000000;9.93504620;3.38229084;
46805355;12.2;27.6;0;0;0;-84.6;-0.43;0;0;0;0;0.001;0;0;0;0.0001;2;2;0;0;76;0;0;46805306;0;0;0;0.0001;0.938;62.48;0;1.4;0;0.004;0.004;1;46805320;0;0;0;0;0;0;0;0;0;46804000;37.34967176;-121.93066111;-13.56295776;0.00000000;0.00000000;9.93504620;3.38229084;
46805437;12.1;27.6;0;0;0;-99.7;-0.39;0;0;0;0;0;0;0;0;0.0001;2;2;0;0;76;0;0;46805390;0;0;0;0.0001;0.871;58.009;0;-0.32;0;0.004;0.004;1;46805390;0;0;0;0;0;0;0;0;0;46804000;37.34967176;-121.93066111;-13.56295776;0.00000000;0.00000000;9.93504620;3.38229084;
46805503;12.4;27.5;0;0;0;-59.8;-0.28;0;0;0;0;0.001;0;0;0;0.0001;2;2;0;0;76;0;0;46805452;0;0;0;0.0001;0.843;56.165;0;-1.06;0;0.004;0.004;1;46805469;0;0;0;0;0;0;0;0;0;46804000;37.34967176;-121.93066111;-13.56295776;0.00000000;0.00000000;9.93504620;3.38229084;
46805588;12.3;27.5;0;0;0;-62.1;-0.32;0;0;0;0;0.001;0;0;0;0.0001;2;2;0;0;76;0;0;46805536;0;0;0;0.0001;0.848;56.533;0;0.47;0;0.004;0.004;1;46805536;0;0;0;0;0;0;0;0;0;46804000;37.34967176;-121.93066111;-13.56295776;0.00000000;0.00000000;9.93504620;3.38229084;
46805657;12.1;27.4;0;0;0;-58;-0.29;0;0;0;0;0.001;0;0;0;0.0001;2;2;0;0;76;0;0;46805606;0;0;0;0.0001;0.843;56.165;0;0.94;0;0.004;0.004;1;46805623;0;0;0;0;0;0;0;0;0;46804000;37.34967176;-121.93066111;-13.56295776;0.00000000;0.00000000;9.93504620;3.38229084;
46805771;12.4;27.5;0;0;0;-80.4;-0.37;0;0;0;0;0.001;0;0;0;0.0001;2;2;0;0;76;0;0;46805690;0;0;0;0.0001;0.859;57.27;0;-0.21;0;0.004;0.004;1;46805690;0;0;0;0;0;0;0;0;0;46805000;37.34966937;-121.93066393;-14.05740356;0.00000000;0.00000000;9.93504620;3.25639439;
46805839;12.2;27.4;0;0;0;-58.5;-0.3;0;0;0;0;0;0;0;0;0.0001;2;2;0;0;76;0;0;46805772;0;0;0;0.0001;0.837;55.798;0;-1.08;0;0.004;0.004;1;46805806;0;0;0;0;0;0;0;0;0;46805000;37.34966937;-121.93066393;-14.05740356;0.00000000;0.00000000;9.93504620;3.25639439;
46805896;12.2;27.5;0;0;0;-60;-0.29;0;0;0;0;0.001;0;0;0;0.0001;2;2;0;0;76;0;0;46805839;0;0;0;0.0001;0.898;59.864;0;0.11;0;0.004;0.004;1;46805806;0;0;0;0;0;0;0;0;0;46805000;37.34966937;-121.93066393;-14.05740356;0.00000000;0.00000000;9.93504620;3.25639439;
46805954;12.1;27.4;0;0;0;-58.3;-0.36;0;0;0;0;0;0;0;0;0.0001;2;2;0;0;76;0;0;46805896;0;0;0;0.0001;0.865;57.639;0;1.65;0;0.004;0.004;1;46805916;0;0;0;0;0;0;0;0;0;46805000;37.34966937;-121.93066393;-14.05740356;0.00000000;0.00000000;9.93504620;3.25639439;
46806022;12.1;27.4;0;0;0;-58.2;-0.23;0;0;0;0;0.001;0;0;0;0.0001;2;2;0;0;76;0;0;46805988;0;0;0;0.0001;0.893;59.492;0;0.62;0;0.004;0.004;1;46805988;0;0;0;0;0;0;0;0;0;46805000;37.34966937;-121.93066393;-14.05740356;0.00000000;0.00000000;9.93504620;3.25639439;
46806073;12.3;27.4;0;0;0;-58;-0.42;0;0;0;0;0;0;0;0;0.0001;2;2;0;0;76;0;0;46805988;0;0;0;0.0001;0.893;59.492;0;0.62;0;0.004;0.004;1;46805988;0;0;0;0;0;0;0;0;0;46805000;37.34966937;-121.93066393;-14.05740356;0.00000000;0.00000000;9.93504620;3.25639439;
46806128;12.1;27.4;0;0;0;-57.9;-0.37;0;0;0;0;0.001;0;0;0;0.0001;2;2;0;0;76;0;0;46806073;0;0;0;0.0001;0.843;56.165;0;-0.77;0;0.004;0.004;1;46806109;0;0;0;0;0;0;0;0;0;46805000;37.34966937;-121.93066393;-14.05740356;0.00000000;0.00000000;9.93504620;3.25639439;
46806221;12.2;27.4;0;0;0;-57.5;-0.23;0;0;0;0;0.001;0;0;0;0.0001;2;2;0;0;76;0;0;46806139;0;0;0;0.0001;0.837;55.798;0;2.12;0;0.004;0.004;1;46806193;0;0;0;0;0;0;0;0;0;46805000;37.34966937;-121.93066393;-14.05740356;0.00000000;0.00000000;9.93504620;3.25639439;
46806278;12.1;27.5;0;0;0;-61.2;-0.38;0;0;0;0;0;0;0;0;0.0001;2;2;0;0;76;0;0;46806222;0;0;0;0.0001;0.876;58.379;0;-0.56;0;0.004;0.004;1;46806193;0;0;0;0;0;0;0;0;0;46805000;37.34966937;-121.93066393;-14.05740356;0.00000000;0.00000000;9.93504620;3.25639439;
46806348;12.2;27.4;0;0;0;-60.8;-0.28;0;0;0;0;0;0;0;0;0.0001;2;2;0;0;76;0;0;46806280;0;0;0;0.0001;0.848;56.533;0;-1.46;0;0.004;0.004;1;46806314;0;0;0;0;0;0;0;0;0;46805000;37.34966937;-121.93066393;-14.05740356;0.00000000;0.00000000;9.93504620;3.25639439;
46806442;12.4;27.6;0;0;0;-83.3;-0.25;0;0;0;0;0.001;0;0;0;0.0001;2;2;0;0;76;0;0;46806406;0;0;0;0.0001;0.859;57.27;0;-0.38;0;0.004;0.004;1;46806406;0;0;0;0;0;0;0;0;0;46805000;37.34966937;-121.93066393;-14.05740356;0.00000000;0.00000000;9.93504620;3.25639439;
46806524;12.2;27.4;0;0;0;-58;-0.28;0;0;0;0;0.001;0;0;0;0.0001;2;2;0;0;76;0;0;46806494;0;0;0;0.0001;0.943;62.856;0;0.77;0;0.004;0.004;1;46806494;0;0;0;0;0;0;0;0;0;46805000;37.34966937;-121.93066393;-14.05740356;0.00000000;0.00000000;9.93504620;3.25639439;
46806589;12.3;27.6;0;0;0;-62.4;-0.14;0;0;0;0;0;0;0;0;0.0001;2;2;0;0;76;0;0;46806494;0;0;0;0.0001;0.943;62.856;0;0.77;0;0.004;0.004;1;46806494;0;0;0;0;0;0;0;0;0;46805000;37.34966937;-121.93066393;-14.05740356;0.00000000;0.00000000;9.93504620;3.25639439;
46806673;12.4;27.4;0;0;0;-58.5;-0.35;0;0;0;0;0.001;0;0;0;0.0001;2;2;0;0;76;0;0;46806590;0;0;0;0.0001;0.859;57.27;0;1.38;0;0.004;0.004;1;46806626;0;0;0;0;0;0;0;0;0;46805000;37.34966937;-121.93066393;-14.05740356;0.00000000;0.00000000;9.93504620;3.25639439;
46806735;12.2;27.5;0;0;0;-61.1;-0.01;0;0;0;0;0.001;0;0;0;0.0001;2;2;0;0;76;0;0;46806673;0;0;0;0.0001;0.854;56.901;0;-0.11;0;0.004;0.004;1;46806710;0;0;0;0;0;0;0;0;0;46805000;37.34966937;-121.93066393;-14.05740356;0.00000000;0.00000000;9.93504620;3.25639439;
46806792;12.3;27.4;0;0;0;-58;-0.32;0;0;0;0;0.001;0;0;0;0.0001;2;2;0;0;76;0;0;46806736;0;0;0;0.0001;0.932;62.105;0;0.98;0;0.004;0.004;1;46806710;0;0;0;0;0;0;0;0;0;46806000;37.34966744;-121.93067046;-14.19955444;0.00000000;0.00000000;9.93504620;3.27544141;
46806877;12.2;27.4;0;0;0;-60;-0.13;0;0;0;0;0.001;0;0;0;0.0001;2;2;0;0;76;0;0;46806792;0;0;0;0.0001;0.904;60.236;0;-0.21;0;0.004;0.004;1;46806823;0;0;0;0;0;0;0;0;0;46806000;37.34966744;-121.93067046;-14.19955444;0.00000000;0.00000000;9.93504620;3.27544141;
46806942;12.3;27.4;0;0;0;-57.9;-0.37;0;0;0;0;0.001;0;0;0;0.0001;2;2;0;0;76;0;0;46806891;0;0;0;0.0001;0.848;56.533;0;-1.14;0;0.004;0.004;1;46806906;0;0;0;0;0;0;0;0;0;46806000;37.34966744;-121.93067046;-14.19955444;0.00000000;0.00000000;9.93504620;3.27544141;
46807026;12.1;27.4;0;0;0;-58.6;-0.27;0;0;0;0;0;0;0;0;0.0001;2;2;0;0;76;0;0;46806977;0;0;0;0.0001;0.887;59.121;0;-0.19;0;0.004;0.004;1;46806977;0;0;0;0;0;0;0;0;0;46806000;37.34966744;-121.93067046;-14.19955444;0.00000000;0.00000000;9.93504620;3.27544141;
46807124;12.3;27.4;0;0;0;-58;-0.2;0;0;0;0;0.001;0;0;0;0.0001;2;2;0;0;76;0;0;46807040;0;0;0;0.0001;0.843;56.165;0;0.23;0;0.004;0.004;1;46807058;0;0;0;0;0;0;0;0;0;46806000;37.34966744;-121.93067046;-14.19955444;0.00000000;0.00000000;9.93504620;3.27544141;
46807178;12.4;27.4;0;0;0;-58.9;-0.39;0;0;0;0;0.001;0;0;0;0.0001;2;2;0;0;76;0;0;46807161;0;0;0;0.0001;0.932;62.105;0;0.7;0;0.004;0.004;1;46807176;0;0;0;0;0;0;0;0;0;46806000;37.34966744;-121.93067046;-14.19955444;0.00000000;0.00000000;9.93504620;3.27544141;
46807280;12.3;27.5;0;0;0;-59.8;-0.32;0;0;0;0;0.001;0;0;0;0.0001;2;2;0;0;76;0;0;46807243;0;0;0;0.0001;0.926;61.73;0;2.05;0;0.004;0.004;1;46807243;0;0;0;0;0;0;0;0;0;46806000;37.34966744;-121.93067046;-14.19955444;0.00000000;0.00000000;9.93504620;3.27544141;
46807327;12.1;27.4;0;0;0;-57.4;-0.44;0;0;0;0;0;0;0;0;0.0001;2;2;0;0;76;0;0;46807243;0;0;0;0.0001;0.926;61.73;0;2.05;0;0.004;0.004;1;46807243;0;0;0;0;0;0;0;0;0;46806000;37.34966744;-121.93067046;-14.19955444;0.00000000;0.00000000;9.93504620;3.27544141;
46807459;12.2;27.4;0;0;0;-57.8;-0.3;0;0;0;0;0.001;0;0;0;0.0001;2;2;0;0;76;0;0;46807343;0;0;0;0.0001;0.915;60.982;0;0.67;0;0.004;0.004;1;46807359;0;0;0;0;0;0;0;0;0;46806000;37.34966744;-121.93067046;-14.19955444;0.00000000;0.00000000;9.93504620;3.27544141;
46807567;12.1;27.4;0;0;0;-57.8;-0.31;0;0;0;0;0.001;0;0;0;0.0001;2;2;0;0;76;0;0;46807459;0;0;0;0.0001;0.865;57.639;0;1.78;0;0.004;0.004;1;46807500;0;0;0;0;0;0;0;0;0;46806000;37.34966744;-121.93067046;-14.19955444;0.00000000;0.00000000;9.93504620;3.27544141;
46807661;12.1;27.4;0;0;0;-58.5;-0.39;0;0;0;0;0;0;0;0;0.0001;2;2;0;0;76;0;0;46807576;0;0;0;0.0001;0.938;62.48;0;-1.84;0;0.004;0.004;1;46807603;0;0;0;0;0;0;0;0;0;46806000;37.34966744;-121.93067046;-14.19955444;0.00000000;0.00000000;9.93504620;3.27544141;
46807731;12.1;27.4;0;0;0;-59.3;-0.17;0;0;0;0;0;0;0;0;0.0001;2;2;0;0;76;0;0;46807696;0;0;0;0.0001;0.843;56.165;0;-1.28;0;0.004;0.004;1;46807696;0;0;0;0;0;0;0;0;0;46806000;37.34966744;-121.93067046;-14.19955444;0.00000000;0.00000000;9.93504620;3.27544141;
46807779;12.2;27.4;0;0;0;-58.1;-0.45;0;0;0;0;0.001;0;0;0;0.0001;2;2;0;0;76;0;0;46807696;0;0;0;0.0001;0.843;56.165;0;-1.28;0;0.004;0.004;1;46807696;0;0;0;0;0;0;0;0;0;46807000;37.34966694;-121.93066831;-14.26498413;0.00000000;0.00000000;9.93504620;3.23388171;
46807839;12.2;27.4;0;0;0;-57.5;-0.4;0;0;0;0;0;0;0;0;0.0001;2;2;0;0;76;0;0;46807780;0;0;0;0.0001;0.854;56.901;0;-0.16;0;0.004;0.004;1;46807814;0;0;0;0;0;0;0;0;0;46807000;37.34966694;-121.93066831;-14.26498413;0.00000000;0.00000000;9.93504620;3.23388171;
46807934;12.2;27.4;0;0;0;-59.1;-0.38;0;0;0;0;0;0;0;0;0.0001;2;2;0;0;76;0;0;46807896;0;0;0;0.0001;0.876;58.379;0;-0.18;0;0.004;0.004;1;46807909;0;0;0;0;0;0;0;0;0;46807000;37.34966694;-121.93066831;-14.26498413;0.00000000;0.00000000;9.93504620;3.23388171;
46808004;12.2;27.5;0;0;0;-79.7;-0.17;0;0;0;0;0;0;0;0;0.0001;2;2;0;0;76;0;0;46807896;0;0;0;0.0001;0.876;58.379;0;-0.18;0;0.004;0.004;1;46807909;0;0;0;0;0;0;0;0;0;46807000;37.34966694;-121.93066831;-14.26498413;0.00000000;0.00000000;9.93504620;3.23388171;
46808080;12.1;27.4;0;0;0;-60.7;-0.43;0;0;0;0;0;0;0;0;0.0001;2;2;0;0;76;0;0;46808004;0;0;0;0.0001;0.848;56.533;0;-0.7;0;0.004;0.004;1;46808028;0;0;0;0;0;0;0;0;0;46807000;37.34966694;-121.93066831;-14.26498413;0.00000000;0.00000000;9.93504620;3.23388171;
46808149;12.2;27.4;0;0;0;-58;-0.28;0;0;0;0;0.001;0;0;0;0.0001;2;2;0;0;76;0;0;46808114;0;0;0;0.0001;0.932;62.105;0;0.54;0;0.004;0.004;1;46808114;0;0;0;0;0;0;0;0;0;46807000;37.34966694;-121.93066831;-14.26498413;0.00000000;0.00000000;9.93504620;3.23388171;
46808198;12.2;27.4;0;0;0;-57.7;-0.4;0;0;0;0;0.001;0;0;0;0.0001;2;2;0;0;76;0;0;46808114;0;0;0;0.0001;0.932;62.105;0;0.54;0;0.004;0.004;1;46808114;0;0;0;0;0;0;0;0;0;46807000;37.34966694;-121.93066831;-14.26498413;0.00000000;0.00000000;9.93504620;3.23388171;
46808283;12.2;27.4;0;0;0;-58.2;-0.34;0;0;0;0;0.001;0;0;0;0.0001;2;2;0;0;76;0;0;46808212;0;0;0;0.0001;0.859;57.27;0;-1.39;0;0.004;0.004;1;46808227;0;0;0;0;0;0;0;0;0;46807000;37.34966694;-121.93066831;-14.26498413;0.00000000;0.00000000;9.93504620;3.23388171;
46808348;12.3;27.5;0;0;0;-61.6;-0.36;0;0;0;0;0.001;0;0;0;0.0001;2;2;0;0;76;0;0;46808283;0;0;0;0.0001;0.871;58.009;0;0.35;0;0.004;0.004;1;46808227;0;0;0;0;0;0;0;0;0;46807000;37.34966694;-121.93066831;-14.26498413;0.00000000;0.00000000;9.93504620;3.23388171;
46808415;12.2;27.4;0;0;0;-58.5;-0.33;0;0;0;0;0;0;0;0;0.0001;2;2;0;0;76;0;0;46808349;0;0;0;0.0001;0.826;55.064;0;-1.03;0;0.004;0.004;1;46808380;0;0;0;0;0;0;0;0;0;46807000;37.34966694;-121.93066831;-14.26498413;0.00000000;0.00000000;9.93504620;3.23388171;
46808498;12.3;27.5;0;0;0;-61.9;-0.37;0;0;0;0;0;0;0;0;0.0001;2;2;0;0;76;0;0;46808451;0;0;0;0.0001;0.854;56.901;0;-0.3;0;0.004;0.004;1;46808451;0;0;0;0;0;0;0;0;0;46807000;37.34966694;-121.93066831;-14.26498413;0.00000000;0.00000000;9.93504620;3.23388171;
46808567;12.2;27.5;0;0;0;-60.5;-0.44;0;0;0;0;0.001;0;0;0;0.0001;2;2;0;0;76;0;0;46808499;0;0;0;0.0001;0.848;56.533;0;-0.64;0;0.004;0.004;1;46808536;0;0;0;0;0;0;0;0;0;46807000;37.34966694;-121.93066831;-14.26498413;0.00000000;0.00000000;9.93504620;3.23388171;
46808697;12.4;27.5;0;0;0;-80.9;-0.28;0;0;0;0;0.001;0;0;0;0.0001;2;2;0;0;76;0;0;46808648;0;0;0;0.0001;0.904;60.236;0;-0.42;0;0.004;0.004;1;46808648;0;0;0;0;0;0;0;0;0;46807000;37.34966694;-121.93066831;-14.26498413;0.00000000;0.00000000;9.93504620;3.23388171;
46808781;12.3;27.4;0;0;0;-57;-0.36;0;0;0;0;0.001;0;0;0;0.0001;2;2;0;0;76;0;0;46808719;0;0;0;0.0001;0.871;58.009;0;-0.23;0;0.004;0.004;1;46808719;0;0;0;0;0;0;0;0;0;46808000;37.34966931;-121.93066923;-14.40557861;0.00000000;0.00000000;9.93504620;3.31188011;
46808866;12.3;27.5;0;0;0;-59.2;-0.32;0;0;0;0;0;0;0;0;0.0001;2;2;0;0;76;0;0;46808782;0;0;0;0.0001;0.848;56.533;0;0.01;0;0.004;0.004;1;46808798;0;0;0;0;0;0;0;0;0;46808000;37.34966931;-121.93066923;-14.40557861;0.00000000;0.00000000;9.93504620;3.31188011;
46808954;12.1;27.4;0;0;0;-57.6;-0.36;0;0;0;0;0;0;0;0;0.0001;2;2;0;0;76;0;0;46808867;0;0;0;0.0001;0.882;58.749;0;0.56;0;0.004;0.004;1;46808900;0;0;0;0;0;0;0;0;0;46808000;37.34966931;-121.93066923;-14.40557861;0.00000000;0.00000000;9.93504620;3.31188011;
46809049;12.2;27.4;0;0;0;-57.9;-0.33;0;0;0;0;0.001;0;0;0;0.0001;2;2;0;0;76;0;0;46808983;0;0;0;0.0001;0.882;58.749;0;-0.43;0;0.004;0.004;1;46808983;0;0;0;0;0;0;0;0;0;46808000;37.34966931;-121.93066923;-14.40557861;0.00000000;0.00000000;9.93504620;3.31188011;
46809128;12.2;27.5;0;0;0;-60;-0.31;0;0;0;0;0.001;0;0;0;0.0001;2;2;0;0;76;0;0;46809049;0;0;0;0.0001;0.848;56.533;0;0.76;0;0.004;0.004;1;46809084;0;0;0;0;0;0;0;0;0;46808000;37.34966931;-121.93066923;-14.40557861;0.00000000;0.00000000;9.93504620;3.31188011;
46809202;12.1;27.3;0;0;0;-57.1;-0.32;0;0;0;0;0;0;0;0;0.0001;2;2;0;0;76;0;0;46809140;0;0;0;0.0001;0.926;61.73;0;1.8;0;0.004;0.004;1;46809166;0;0;0;0;0;0;0;0;0;46808000;37.34966931;-121.93066923;-14.40557861;0.00000000;0.00000000;9.93504620;3.31188011;
46809284;12.1;27.4;0;0;0;-59.1;-0.3;0;0;0;0;0;0;0;0;0.0001;2;2;0;0;76;0;0;46809217;0;0;0;0.0001;0.871;58.009;0;1.93;0;0.004;0.004;1;46809234;0;0;0;0;0;0;0;0;0;46808000;37.34966931;-121.93066923;-14.40557861;0.00000000;0.00000000;9.93504620;3.31188011;
46809368;12.1;27.4;0;0;0;-57.3;-0.36;0;0;0;0;0.001;0;0;0;0.0001;2;2;0;0;76;0;0;46809319;0;0;0;0.0001;0.915;60.982;0;1.73;0;0.004;0.004;1;46809319;0;0;0;0;0;0;0;0;0;46808000;37.34966931;-121.93066923;-14.40557861;0.00000000;0.00000000;9.93504620;3.31188011;
46809437;12.3;27.4;0;0;0;-58.3;-0.29;0;0;0;0;0.001;0;0;0;0.0001;2;2;0;0;76;0;0;46809370;0;0;0;0.0001;0.943;62.856;0;-1.67;0;0.004;0.004;1;46809403;0;0;0;0;0;0;0;0;0;46808000;37.34966931;-121.93066923;-14.40557861;0.00000000;0.00000000;9.93504620;3.31188011;
46809518;12.3;27.4;0;0;0;-59.8;-0.38;0;0;0;0;0.001;0;0;0;0.0001;2;2;0;0;76;0;0;46809458;0;0;0;0.0001;0.943;62.856;0;-0.53;0;0.004;0.004;1;46809501;0;0;0;0;0;0;0;0;0;46808000;37.34966931;-121.93066923;-14.40557861;0.00000000;0.00000000;9.93504620;3.31188011;
46809606;12.1;27.4;0;0;0;-57.4;-0.27;0;0;0;0;0.001;0;0;0;0.0001;2;2;0;0;76;0;0;46809553;0;0;0;0.0001;0.832;55.431;0;-0.22;0;0.004;0.004;1;46809553;0;0;0;0;0;0;0;0;0;46808000;37.34966931;-121.93066923;-14.40557861;0.00000000;0.00000000;9.93504620;3.31188011;
46809704;12.2;27.4;0;0;0;-58.5;-0.3;0;0;0;0;0.001;0;0;0;0.0001;2;2;0;0;76;0;0;46809620;0;0;0;0.0001;0.871;58.009;0;0.3;0;0.004;0.004;1;46809637;0;0;0;0;0;0;0;0;0;46808000;37.34966931;-121.93066923;-14.40557861;0.00000000;0.00000000;9.93504620;3.31188011;
46809772;12.2;27.4;0;0;0;-57.2;-0.39;0;0;0;0;0.001;0;0;0;0.0001;2;2;0;0;76;0;0;46809739;0;0;0;0.0001;0.904;60.236;0;-1.47;0;0.004;0.004;1;46809739;0;0;0;0;0;0;0;0;0;46809000;37.34967002;-121.93067555;-14.48095703;0.00000000;0.00000000;9.93504620;3.39859772;
46809856;12.1;27.4;0;0;0;-60.4;-0.26;0;0;0;0;0;0;0;0;0.0001;2;2;0;0;76;0;0;46809818;0;0;0;0.0001;0.854;56.901;0;1.95;0;0.004;0.004;1;46809834;0;0;0;0;0;0;0;0;0;46809000;37.34967002;-121.93067555;-14.48095703;0.00000000;0.00000000;9.93504620;3.39859772;
46809920;12.1;27.4;0;0;0;-57.6;-0.45;0;0;0;0;0;0;0;0;0.0001;2;2;0;0;76;0;0;46809818;0;0;0;0.0001;0.854;56.901;0;1.95;0;0.004;0.004;1;46809834;0;0;0;0;0;0;0;0;0;46809000;37.34967002;-121.93067555;-14.48095703;0.00000000;0.00000000;9.93504620;3.39859772;
46810003;12.1;27.4;0;0;0;-57.2;-0.29;0;0;0;0;0;0;0;0;0.0001;2;2;0;0;76;0;0;46809921;0;0;0;0.0001;0.826;55.064;0;0.69;0;0.004;0.004;1;46809956;0;0;0;0;0;0;0;0;0;46809000;37.34967002;-121.93067555;-14.48095703;0.00000000;0.00000000;9.93504620;3.39859772;
46810060;12.1;27.4;0;0;0;-57.6;-0.4;0;0;0;0;0.001;0;0;0;0.0001;2;2;0;0;76;0;0;46810004;0;0;0;0.0001;0.915;60.982;0;1.45;0;0.004;0.004;1;46810042;0;0;0;0;0;0;0;0;0;46809000;37.34967002;-121.93067555;-14.48095703;0.00000000;0.00000000;9.93504620;3.39859772;
46810116;12.2;27.4;0;0;0;-57.9;-0.27;0;0;0;0;0.001;0;0;0;0.0001;2;2;0;0;76;0;0;46810062;0;0;0;0.0001;0.904;60.236;0;1.51;0;0.004;0.004;1;46810042;0;0;0;0;0;0;0;0;0;46809000;37.34967002;-121.93067555;-14.48095703;0.00000000;0.00000000;9.93504620;3.39859772;
46810188;12.2;27.4;0;0;0;-57.7;-0.38;0;0;0;0;0.001;0;0;0;0.0001;2;2;0;0;76;0;0;46810153;0;0;0;0.0001;0.893;59.492;0;-0.55;0;0.004;0.004;1;46810152;0;0;0;0;0;0;0;0;0;46809000;37.34967002;-121.93067555;-14.48095703;0.00000000;0.00000000;9.93504620;3.39859772;
46810271;12.1;27.5;0;0;0;-60.6;-0.3;0;0;0;0;0.001;0;0;0;0.0001;2;2;0;0;76;0;0;46810238;0;0;0;0.0001;0.898;59.864;0;-0.5;0;0.004;0.004;1;46810238;0;0;0;0;0;0;0;0;0;46809000;37.34967002;-121.93067555;-14.48095703;0.00000000;0.00000000;9.93504620;3.39859772;
46810340;12.3;27.4;0;0;0;-57.9;-0.37;0;0;0;0;0.001;0;0;0;0.0001;2;2;0;0;76;0;0;46810238;0;0;0;0.0001;0.898;59.864;0;-0.5;0;0.004;0.004;1;46810238;0;0;0;0;0;0;0;0;0;46809000;37.34967002;-121.93067555;-14.48095703;0.00000000;0.00000000;9.93504620;3.39859772;
46810425;12.2;27.4;0;0;0;-57.2;-0.37;0;0;0;0;0.001;0;0;0;0.0001;2;2;0;0;76;0;0;46810341;0;0;0;0.0001;0.915;60.982;0;-1.52;0;0.004;0.004;1;46810372;0;0;0;0;0;0;0;0;0;46809000;37.34967002;-121.93067555;-14.48095703;0.00000000;0.00000000;9.93504620;3.39859772;
46810507;12.2;27.5;0;0;0;-59.7;-0.39;0;0;0;0;0.001;0;0;0;0.0001;2;2;0;0;76;0;0;46810425;0;0;0;0.0001;0.859;57.27;0;-1.39;0;0.004;0.004;1;46810460;0;0;0;0;0;0;0;0;0;46809000;37.34967002;-121.93067555;-14.48095703;0.00000000;0.00000000;9.93504620;3.39859772;
46810574;12.1;27.4;0;0;0;-57.1;-0.3;0;0;0;0;0;0;0;0;0.0001;2;2;0;0;76;0;0;46810523;0;0;0;0.0001;0.837;55.798;0;-0.85;0;0.004;0.004;1;46810538;0;0;0;0;0;0;0;0;0;46809000;37.34967002;-121.93067555;-14.48095703;0.00000000;0.00000000;9.93504620;3.39859772;
46810689;12.2;27.4;0;0;0;-59.4;-0.41;0;0;0;0;0;0;0;0;0.0001;2;2;0;0;76;0;0;46810606;0;0;0;0.0001;0.898;59.864;0;-0.67;0;0.004;0.004;1;46810606;0;0;0;0;0;0;0;0;0;46809000;37.34967002;-121.93067555;-14.48095703;0.00000000;0.00000000;9.93504620;3.39859772;
46810759;12.4;27.5;0;0;0;-59.6;-0.32;0;0;0;0;0;0;0;0;0.0001;2;2;0;0;76;0;0;46810690;0;0;0;0.0001;0.898;59.864;0;1.42;0;0.004;0.004;1;46810723;0;0;0;0;0;0;0;0;0;46810000;37.34967059;-121.93067613;-14.28640747;0.00000000;0.00000000;9.93504620;3.39036679;
46810807;12.2;27.5;0;0;0;-60.4;-0.34;0;0;0;0;0.001;0;0;0;0.0001;2;2;0;0;76;0;0;46810760;0;0;0;0.0001;0.848;56.533;0;-0.37;0;0.004;0.004;1;46810723;0;0;0;0;0;0;0;0;0;46810000;37.34967059;-121.93067613;-14.28640747;0.00000000;0.00000000;9.93504620;3.39036679;
46810927;12.1;27.4;0;0;0;-58.7;-0.36;0;0;0;0;0;0;0;0;0.0001;2;2;0;0;76;0;0;46810823;0;0;0;0.0001;0.915;60.982;0;-1.45;0;0.004;0.004;1;46810892;0;0;0;0;0;0;0;0;0;46810000;37.34967059;-121.93067613;-14.28640747;0.00000000;0.00000000;9.93504620;3.39036679;
46811043;12.1;27.4;0;0;0;-59.6;-0.4;0;0;0;0;0.001;0;0;0;0.0001;2;2;0;0;76;0;0;46810927;0;0;0;0.0001;0.904;60.236;0;-0.08;0;0.004;0.004;1;46810892;0;0;0;0;0;0;0;0;0;46810000;37.34967059;-121.93067613;-14.28640747;0.00000000;0.00000000;9.93504620;3.39036679;
46811110;12.3;27.4;0;0;0;-58.6;-0.4;0;0;0;0;0;0;0;0;0.0001;2;2;0;0;76;0;0;46811075;0;0;0;0.0001;0.832;55.431;0;-0.23;0;0.004;0.004;1;46811075;0;0;0;0;0;0;0;0;0;46810000;37.34967059;-121.93067613;-14.28640747;0.00000000;0.00000000;9.93504620;3.39036679;
46811175;12.2;27.5;0;0;0;-61.7;-0.35;0;0;0;0;0.001;0;0;0;0.0001;2;2;0;0;76;0;0;46811075;0;0;0;0.0001;0.832;55.431;0;-0.23;0;0.004;0.004;1;46811075;0;0;0;0;0;0;0;0;0;46810000;37.34967059;-121.93067613;-14.28640747;0.00000000;0.00000000;9.93504620;3.39036679;
46811234;12.2;27.5;0;0;0;-59.9;-0.33;0;0;0;0;0.001;0;0;0;0.0001;2;2;0;0;76;0;0;46811175;0;0;0;0.0001;0.921;61.356;0;0.83;0;0.004;0.004;1;46811212;0;0;0;0;0;0;0;0;0;46810000;37.34967059;-121.93067613;-14.28640747;0.00000000;0.00000000;9.93504620;3.39036679;
46811292;12.3;27.5;0;0;0;-61.6;-0.35;0;0;0;0;0;0;0;0;0.0001;2;2;0;0;76;0;0;46811234;0;0;0;0.0001;0.887;59.121;0;-0.58;0;0.004;0.004;1;46811212;0;0;0;0;0;0;0;0;0;46810000;37.34967059;-121.93067613;-14.28640747;0.00000000;0.00000000;9.93504620;3.39036679;
46811353;12.3;27.5;0;0;0;-66.1;-0.32;0;0;0;0;0;0;0;0;0.0001;2;2;0;0;76;0;0;46811292;0;0;0;0.0001;0.904;60.236;0;1.43;0;0.004;0.004;1;46811330;0;0;0;0;0;0;0;0;0;46810000;37.34967059;-121.93067613;-14.28640747;0.00000000;0.00000000;9.93504620;3.39036679;
46811410;12.2;27.5;0;0;0;-60.2;-0.26;0;0;0;0;0;0;0;0;0.0001;2;2;0;0;76;0;0;46811353;0;0;0;0.0001;0.887;59.121;0;-0.17;0;0.004;0.004;1;46811330;0;0;0;0;0;0;0;0;0;46810000;37.34967059;-121.93067613;-14.28640747;0.00000000;0.00000000;9.93504620;3.39036679;
46811477;12.2;27.4;0;0;0;-58.3;-0.27;0;0;0;0;0;0;0;0;0.0001;2;2;0;0;76;0;0;46811410;0;0;0;0.0001;0.843;56.165;0;-0.07;0;0.004;0.004;1;46811446;0;0;0;0;0;0;0;0;0;46810000;37.34967059;-121.93067613;-14.28640747;0.00000000;0.00000000;9.93504620;3.39036679;
46811560;12.3;27.5;0;0;0;-60.5;-0.34;0;0;0;0;0.001;0;0;0;0.0001;2;2;0;0;76;0;0;46811495;0;0;0;0.0001;0.843;56.165;0;1.49;0;0.004;0.004;1;46811510;0;0;0;0;0;0;0;0;0;46810000;37.34967059;-121.93067613;-14.28640747;0.00000000;0.00000000;9.93504620;3.39036679;
46811618;12.2;27.5;0;0;0;-63.5;-0.34;0;0;0;0;0;0;0;0;0.0001;2;2;0;0;76;0;0;46811560;0;0;0;0.0001;0.865;57.639;0;-1.01;0;0.004;0.004;1;46811598;0;0;0;0;0;0;0;0;0;46810000;37.34967059;-121.93067613;-14.28640747;0.00000000;0.00000000;9.93504620;3.39036679;
46811678;12.2;27.6;0;0;0;-87.5;-0.38;0;0;0;0;0.001;0;0;0;0.0001;2;2;0;0;76;0;0;46811632;0;0;0;0.0001;0.821;54.698;0;1.66;0;0.004;0.004;1;46811598;0;0;0;0;0;0;0;0;0;46810000;37.34967059;-121.93067613;-14.28640747;0.00000000;0.00000000;9.93504620;3.39036679;
46811777;12.2;27.5;0;0;0;-73.3;-0.35;0;0;0;0;0.001;0;0;0;0.0001;2;2;0;0;76;0;0;46811710;0;0;0;0.0001;0.848;56.533;0;0;0;0.004;0.004;1;46811710;0;0;0;0;0;0;0;0;0;46811000;37.34966802;-121.93067297;-14.13369751;0.00000000;0.00000000;9.93504620;3.41168165;
46811897;12.2;27.5;0;0;0;-60.1;-0.39;0;0;0;0;0.001;0;0;0;0.0001;2;2;0;0;76;0;0;46811778;0;0;0;0.0001;0.904;60.236;0;0;0;0.004;0.004;1;46811812;0;0;0;0;0;0;0;0;0;46811000;37.34966802;-121.93067297;-14.13369751;0.00000000;0.00000000;9.93504620;3.41168165;
46811954;12.1;27.4;0;0;0;-59.3;-0.32;0;0;0;0;0.001;0;0;0;0.0001;2;2;0;0;76;0;0;46811898;0;0;0;0.0001;0.938;62.48;0;1.83;0;0.004;0.004;1;46811933;0;0;0;0;0;0;0;0;0;46811000;37.34966802;-121.93067297;-14.13369751;0.00000000;0.00000000;9.93504620;3.41168165;
46812047;12.1;27.5;0;0;0;-69.7;-0.28;0;0;0;0;0;0;0;0;0.0001;2;2;0;0;76;0;0;46811977;0;0;0;0.0001;0.865;57.639;0;-1.31;0;0.004;0.004;1;46811988;0;0;0;0;0;0;0;0;0;46811000;37.34966802;-121.93067297;-14.13369751;0.00000000;0.00000000;9.93504620;3.41168165;
46812114;12.3;27.4;0;0;0;-62.6;-0.27;0;0;0;0;0;0;0;0;0.0001;2;2;0;0;76;0;0;46812079;0;0;0;0.0001;0.837;55.798;0;-1.26;0;0.004;0.004;1;46812079;0;0;0;0;0;0;0;0;0;46811000;37.34966802;-121.93067297;-14.13369751;0.00000000;0.00000000;9.93504620;3.41168165;
46812161;12.2;27.6;0;0;0;-71.2;-0.44;0;0;0;0;0.001;0;0;0;0.0001;2;2;0;0;76;0;0;46812079;0;0;0;0.0001;0.837;55.798;0;-1.26;0;0.004;0.004;1;46812079;0;0;0;0;0;0;0;0;0;46811000;37.34966802;-121.93067297;-14.13369751;0.00000000;0.00000000;9.93504620;3.41168165;
46812230;12.1;27.5;0;0;0;-62.8;-0.38;0;0;0;0;0.001;0;0;0;0.0001;2;2;0;0;76;0;0;46812161;0;0;0;0.0001;0.904;60.236;0;-0.3;0;0.004;0.004;1;46812195;0;0;0;0;0;0;0;0;0;46811000;37.34966802;-121.93067297;-14.13369751;0.00000000;0.00000000;9.93504620;3.41168165;
46812313;12.2;27.6;0;0;0;-82.1;-0.33;0;0;0;0;0;0;0;0;0.0001;2;2;0;0;76;0;0;46812246;0;0;0;0.0001;0.91;60.609;0;-1.66;0;0.004;0.004;1;46812261;0;0;0;0;0;0;0;0;0;46811000;37.34966802;-121.93067297;-14.13369751;0.00000000;0.00000000;9.93504620;3.41168165;
46812383;12.3;27.5;0;0;0;-60.6;-0.22;0;0;0;0;0.001;0;0;0;0.0001;2;2;0;0;76;0;0;46812314;0;0;0;0.0001;0.804;53.603;0;-1.51;0;0.004;0.004;1;46812346;0;0;0;0;0;0;0;0;0;46811000;37.34966802;-121.93067297;-14.13369751;0.00000000;0.00000000;9.93504620;3.41168165;
46812433;12.4;27.4;0;0;0;-57.3;-0.38;0;0;0;0;0;0;0;0;0.0001;2;2;0;0;76;0;0;46812383;0;0;0;0.0001;0.859;57.27;0;-0.21;0;0.004;0.004;1;46812346;0;0;0;0;0;0;0;0;0;46811000;37.34966802;-121.93067297;-14.13369751;0.00000000;0.00000000;9.93504620;3.41168165;
46812531;12.2;27.4;0;0;0;-59.8;-0.31;0;0;0;0;0;0;0;0;0.0001;2;2;0;0;76;0;0;46812433;0;0;0;0.0001;0.915;60.982;0;1.43;0;0.004;0.004;1;46812465;0;0;0;0;0;0;0;0;0;46811000;37.34966802;-121.93067297;-14.13369751;0.00000000;0.00000000;9.93504620;3.41168165;
46812613;12.2;27.5;0;0;0;-59.4;-0.37;0;0;0;0;0.001;0;0;0;0.0001;2;2;0;0;76;0;0;46812531;0;0;0;0.0001;0.854;56.901;0;0.77;0;0.004;0.004;1;46812565;0;0;0;0;0;0;0;0;0;46811000;37.34966802;-121.93067297;-14.13369751;0.00000000;0.00000000;9.93504620;3.41168165;
46812697;12.3;27.4;0;0;0;-57.7;-0.35;0;0;0;0;0;0;0;0;0.0001;2;2;0;0;76;0;0;46812646;0;0;0;0.0001;0.837;55.798;0;-0.14;0;0.004;0.004;1;46812646;0;0;0;0;0;0;0;0;0;46811000;37.34966802;-121.93067297;-14.13369751;0.00000000;0.00000000;9.93504620;3.41168165;
46812764;12.1;27.4;0;0;0;-59.3;-0.26;0;0;0;0;0;0;0;0;0.0001;2;2;0;0;76;0;0;46812713;0;0;0;0.0001;0.804;53.603;0;1.14;0;0.004;0.004;1;46812733;0;0;0;0;0;0;0;0;0;46812000;37.34966690;-121.93066886;-14.19564819;0.00000000;0.00000000;9.93504620;3.26395559;
46812880;12.2;27.4;0;0;0;-57.3;-0.32;0;0;0;0;0.001;0;0;0;0.0001;2;2;0;0;76;0;0;46812797;0;0;0;0.0001;0.865;57.639;0;-0.3;0;0.004;0.004;1;46812797;0;0;0;0;0;0;0;0;0;46812000;37.34966690;-121.93066886;-14.19564819;0.00000000;0.00000000;9.93504620;3.26395559;
46812982;12.4;27.4;0;0;0;-59.6;-0.32;0;0;0;0;0.001;0;0;0;0.0001;2;2;0;0;76;0;0;46812881;0;0;0;0.0001;0.876;58.379;0;0.86;0;0.004;0.004;1;46812918;0;0;0;0;0;0;0;0;0;46812000;37.34966690;-121.93066886;-14.19564819;0.00000000;0.00000000;9.93504620;3.26395559;
46813099;12.1;27.5;0;0;0;-59.6;-0.35;0;0;0;0;0.001;0;0;0;0.0001;2;2;0;0;76;0;0;46812998;0;0;0;0.0001;0.915;60.982;0;0.69;0;0.004;0.004;1;46812998;0;0;0;0;0;0;0;0;0;46812000;37.34966690;-121.93066886;-14.19564819;0.00000000;0.00000000;9.93504620;3.26395559;
46813149;12.1;27.4;0;0;0;-57.3;-0.3;0;0;0;0;0;0;0;0;0.0001;2;2;0;0;76;0;0;46813099;0;0;0;0.0001;0.837;55.798;0;0.2;0;0.004;0.004;1;46813116;0;0;0;0;0;0;0;0;0;46812000;37.34966690;-121.93066886;-14.19564819;0.00000000;0.00000000;9.93504620;3.26395559;
46813218;12.1;27.5;0;0;0;-60.2;-0.38;0;0;0;0;0.001;0;0;0;0.0001;2;2;0;0;76;0;0;46813150;0;0;0;0.0001;0.848;56.533;0;-0.56;0;0.004;0.004;1;46813116;0;0;0;0;0;0;0;0;0;46812000;37.34966690;-121.93066886;-14.19564819;0.00000000;0.00000000;9.93504620;3.26395559;
46813267;12.2;27.5;0;0;0;-59.2;-0.37;0;0;0;0;0.001;0;0;0;0.0001;2;2;0;0;76;0;0;46813150;0;0;0;0.0001;0.848;56.533;0;-0.56;0;0.004;0.004;1;46813219;0;0;0;0;0;0;0;0;0;46812000;37.34966690;-121.93066886;-14.19564819;0.00000000;0.00000000;9.93504620;3.26395559;
46813334;12.3;27.4;0;0;0;-57.1;-0.39;0;0;0;0;0.001;0;0;0;0.0001;2;2;0;0;76;0;0;46813283;0;0;0;0.0001;0.843;56.165;0;-0.66;0;0.004;0.004;1;46813298;0;0;0;0;0;0;0;0;0;46812000;37.34966690;-121.93066886;-14.19564819;0.00000000;0.00000000;9.93504620;3.26395559;
46813400;12.4;27.4;0;0;0;-58.7;-0.29;0;0;0;0;0.001;0;0;0;0.0001;2;2;0;0;76;0;0;46813334;0;0;0;0.0001;0.887;59.121;0;0.46;0;0.004;0.004;1;46813298;0;0;0;0;0;0;0;0;0;46812000;37.34966690;-121.93066886;-14.19564819;0.00000000;0.00000000;9.93504620;3.26395559;
46813483;12.2;27.4;0;0;0;-57.2;-0.36;0;0;0;0;0;0;0;0;0.0001;2;2;0;0;76;0;0;46813400;0;0;0;0.0001;0.859;57.27;0;1.45;0;0.004;0.004;1;46813416;0;0;0;0;0;0;0;0;0;46812000;37.34966690;-121.93066886;-14.19564819;0.00000000;0.00000000;9.93504620;3.26395559;
46813541;12.3;27.6;0;0;0;-82.7;-0.41;0;0;0;0;0.001;0;0;0;0.0001;2;2;0;0;76;0;0;46813483;0;0;0;0.0001;0.882;58.749;0;-1.18;0;0.004;0.004;1;46813520;0;0;0;0;0;0;0;0;0;46812000;37.34966690;-121.93066886;-14.19564819;0.00000000;0.00000000;9.93504620;3.26395559;
46813600;12.1;27.4;0;0;0;-57.5;-0.37;0;0;0;0;0.001;0;0;0;0.0001;2;2;0;0;76;0;0;46813541;0;0;0;0.0001;0.837;55.798;0;-0.62;0;0.004;0.004;1;46813520;0;0;0;0;0;0;0;0;0;46812000;37.34966690;-121.93066886;-14.19564819;0.00000000;0.00000000;9.93504620;3.26395559;
46813700;12.3;27.4;0;0;0;-59.3;-0.37;0;0;0;0;0.001;0;0;0;0.0001;2;2;0;0;76;0;0;46813600;0;0;0;0.0001;0.932;62.105;0;0.04;0;0.004;0.004;1;46813635;0;0;0;0;0;0;0;0;0;46812000;37.34966690;-121.93066886;-14.19564819;0.00000000;0.00000000;9.93504620;3.26395559;
46813786;12.4;27.5;0;0;0;-60.2;-0.29;0;0;0;0;0.001;0;0;0;0.0001;2;2;0;0;76;0;0;46813700;0;0;0;0.0001;0.843;56.165;0;0.93;0;0.004;0.004;1;46813718;0;0;0;0;0;0;0;0;0;46813000;37.34966416;-121.93066160;-14.55047607;0.00000000;0.00000000;9.93504620;3.25207067;
46813853;12.2;27.4;0;0;0;-57.8;-0.34;0;0;0;0;0;0;0;0;0.0001;2;2;0;0;76;0;0;46813786;0;0;0;0.0001;0.898;59.864;0;0.55;0;0.004;0.004;1;46813821;0;0;0;0;0;0;0;0;0;46813000;37.34966416;-121.93066160;-14.55047607;0.00000000;0.00000000;9.93504620;3.25207067;
46813906;12.1;27.5;0;0;0;-60.7;-0.34;0;0;0;0;0.001;0;0;0;0.0001;2;2;0;0;76;0;0;46813854;0;0;0;0.0001;0.871;58.009;0;2.13;0;0.004;0.004;1;46813821;0;0;0;0;0;0;0;0;0;46813000;37.34966416;-121.93066160;-14.55047607;0.00000000;0.00000000;9.93504620;3.25207067;
46813958;12.1;27.4;0;0;0;-57.1;-0.29;0;0;0;0;0.001;0;0;0;0.0001;2;2;0;0;76;0;0;46813906;0;0;0;0.0001;0.887;59.121;0;1.51;0;0.004;0.004;1;46813938;0;0;0;0;0;0;0;0;0;46813000;37.34966416;-121.93066160;-14.55047607;0.00000000;0.00000000;9.93504620;3.25207067;
46814057;12.1;27.4;0;0;0;-59.2;-0.32;0;0;0;0;0;0;0;0;0.0001;2;2;0;0;76;0;0;46813972;0;0;0;0.0001;0.949;63.232;0;-1.02;0;0.004;0.004;1;46814022;0;0;0;0;0;0;0;0;0;46813000;37.34966416;-121.93066160;-14.55047607;0.00000000;0.00000000;9.93504620;3.25207067;
46814107;12.2;27.4;0;0;0;-57.5;-0.37;0;0;0;0;0;0;0;0;0.0001;2;2;0;0;76;0;0;46814057;0;0;0;0.0001;0.871;58.009;0;-1.06;0;0.004;0.004;1;46814022;0;0;0;0;0;0;0;0;0;46813000;37.34966416;-121.93066160;-14.55047607;0.00000000;0.00000000;9.93504620;3.25207067;
46814206;12.2;27.4;0;0;0;-58.5;-0.4;0;0;0;0;0.001;0;0;0;0.0001;2;2;0;0;76;0;0;46814123;0;0;0;0.0001;0.843;56.165;0;-1.18;0;0.004;0.004;1;46814139;0;0;0;0;0;0;0;0;0;46813000;37.34966416;-121.93066160;-14.55047607;0.00000000;0.00000000;9.93504620;3.25207067;
46814266;12.1;27.4;0;0;0;-57.7;-0.37;0;0;0;0;0.001;0;0;0;0.0001;2;2;0;0;76;0;0;46814206;0;0;0;0.0001;0.854;56.901;0;-0.92;0;0.004;0.004;1;46814244;0;0;0;0;0;0;0;0;0;46813000;37.34966416;-121.93066160;-14.55047607;0.00000000;0.00000000;9.93504620;3.25207067;
46814324;12.1;27.4;0;0;0;-57.3;-0.4;0;0;0;0;0.001;0;0;0;0.0001;2;2;0;0;76;0;0;46814266;0;0;0;0.0001;0.904;60.236;0;-0.13;0;0.004;0.004;1;46814244;0;0;0;0;0;0;0;0;0;46813000;37.34966416;-121.93066160;-14.55047607;0.00000000;0.00000000;9.93504620;3.25207067;
46814383;12.1;27.5;0;0;0;-59.6;-0.26;0;0;0;0;0;0;0;0;0.0001;2;2;0;0;76;0;0;46814325;0;0;0;0.0001;0.915;60.982;0;1.09;0;0.004;0.004;1;46814355;0;0;0;0;0;0;0;0;0;46813000;37.34966416;-121.93066160;-14.55047607;0.00000000;0.00000000;9.93504620;3.25207067;
46814439;12.1;27.5;0;0;0;-60.2;-0.4;0;0;0;0;0;0;0;0;0.0001;2;2;0;0;76;0;0;46814383;0;0;0;0.0001;0.932;62.105;0;1.53;0;0.004;0.004;1;46814355;0;0;0;0;0;0;0;0;0;46813000;37.34966416;-121.93066160;-14.55047607;0.00000000;0.00000000;9.93504620;3.25207067;
46814508;12.1;27.4;0;0;0;-57.5;-0.31;0;0;0;0;0.001;0;0;0;0.0001;2;2;0;0;76;0;0;46814439;0;0;0;0.0001;0.898;59.864;0;0.69;0;0.004;0.004;1;46814473;0;0;0;0;0;0;0;0;0;46813000;37.34966416;-121.93066160;-14.55047607;0.00000000;0.00000000;9.93504620;3.25207067;
46814575;12.1;27.4;0;0;0;-59.4;-0.33;0;0;0;0;0.001;0;0;0;0.0001;2;2;0;0;76;0;0;46814508;0;0;0;0.0001;0.921;61.356;0;-0.7;0;0.004;0.004;1;46814473;0;0;0;0;0;0;0;0;0;46813000;37.34966416;-121.93066160;-14.55047607;0.00000000;0.00000000;9.93504620;3.25207067;
46814624;12.2;27.5;0;0;0;-60.5;-0.19;0;0;0;0;0.001;0;0;0;0.0001;2;2;0;0;76;0;0;46814575;0;0;0;0.0001;0.843;56.165;0;0.43;0;0.004;0.004;1;46814589;0;0;0;0;0;0;0;0;0;46813000;37.34966416;-121.93066160;-14.55047607;0.00000000;0.00000000;9.93504620;3.25207067;
46814713;12.1;27.7;0;0;0;-84.6;-0.39;0;0;0;0;0.001;0;0;0;0.0001;2;2;0;0;76;0;0;46814661;0;0;0;0.0001;0.876;58.379;0;0.91;0;0.004;0.004;1;46814661;0;0;0;0;0;0;0;0;0;46813000;37.34966416;-121.93066160;-14.55047607;0.00000000;0.00000000;9.93504620;3.25207067;
46814768;12.2;27.4;0;0;0;-58.5;-0.34;0;0;0;0;0.001;0;0;0;0.0001;2;2;0;0;76;0;0;46814713;0;0;0;0.0001;0.91;60.609;0;-0.94;0;0.004;0.004;1;46814745;0;0;0;0;0;0;0;0;0;46814000;37.34966441;-121.93066170;-14.55664063;0.00000000;0.00000000;9.93504620;3.31127405;
46814828;12.1;27.4;0;0;0;-59.2;-0.34;0;0;0;0;0;0;0;0;0.0001;2;2;0;0;76;0;0;46814778;0;0;0;0.0001;0.843;56.165;0;-1.8;0;0.004;0.004;1;46814745;0;0;0;0;0;0;0;0;0;46814000;37.34966441;-121.93066170;-14.55664063;0.00000000;0.00000000;9.93504620;3.31127405;
46814893;12.1;27.4;0;0;0;-57.2;-0.37;0;0;0;0;0.001;0;0;0;0.0001;2;2;0;0;76;0;0;46814859;0;0;0;0.0001;0.832;55.431;0;-0.22;0;0.004;0.004;1;46814859;0;0;0;0;0;0;0;0;0;46814000;37.34966441;-121.93066170;-14.55664063;0.00000000;0.00000000;9.93504620;3.31127405;
46814961;12.3;27.5;0;0;0;-61.6;-0.46;0;0;0;0;0.001;0;0;0;0.0001;2;2;0;0;76;0;0;46814859;0;0;0;0.0001;0.832;55.431;0;-0.22;0;0.004;0.004;1;46814859;0;0;0;0;0;0;0;0;0;46814000;37.34966441;-121.93066170;-14.55664063;0.00000000;0.00000000;9.93504620;3.31127405;
46815043;12.3;27.5;0;0;0;-60;-0.33;0;0;0;0;0;0;0;0;0.0001;2;2;0;0;76;0;0;46814961;0;0;0;0.0001;0.91;60.609;0;-0.41;0;0.004;0.004;1;46814976;0;0;0;0;0;0;0;0;0;46814000;37.34966441;-121.93066170;-14.55664063;0.00000000;0.00000000;9.93504620;3.31127405;
46815122;12.3;27.5;0;0;0;-58.4;-0.25;0;0;0;0;0.001;0;0;0;0.0001;2;2;0;0;76;0;0;46815044;0;0;0;0.0001;0.882;58.749;0;0.8;0;0.004;0.004;1;46815092;0;0;0;0;0;0;0;0;0;46814000;37.34966441;-121.93066170;-14.55664063;0.00000000;0.00000000;9.93504620;3.31127405;
46815194;12.2;27.4;0;0;0;-57.5;-0.31;0;0;0;0;0.001;0;0;0;0.0001;2;2;0;0;76;0;0;46815122;0;0;0;0.0001;0.898;59.864;0;1.32;0;0.004;0.004;1;46815092;0;0;0;0;0;0;0;0;0;46814000;37.34966441;-121.93066170;-14.55664063;0.00000000;0.00000000;9.93504620;3.31127405;
46815277;12.2;27.4;0;0;0;-58.8;-0.25;0;0;0;0;0.001;0;0;0;0.0001;2;2;0;0;76;0;0;46815195;0;0;0;0.0001;0.893;59.492;0;0.99;0;0.004;0.004;1;46815217;0;0;0;0;0;0;0;0;0;46814000;37.34966441;-121.93066170;-14.55664063;0.00000000;0.00000000;9.93504620;3.31127405;
46815358;12.4;27.6;0;0;0;-62.9;-0.24;0;0;0;0;0.001;0;0;0;0.0001;2;2;0;0;76;0;0;46815310;0;0;0;0.0001;0.887;59.121;0;1.52;0;0.004;0.004;1;46815310;0;0;0;0;0;0;0;0;0;46814000;37.34966441;-121.93066170;-14.55664063;0.00000000;0.00000000;9.93504620;3.31127405;
46815429;12.2;27.4;0;0;0;-59.5;-0.41;0;0;0;0;0.001;0;0;0;0.0001;2;2;0;0;76;0;0;46815369;0;0;0;0.0001;0.91;60.609;0;-0.27;0;0.004;0.004;1;46815397;0;0;0;0;0;0;0;0;0;46814000;37.34966441;-121.93066170;-14.55664063;0.00000000;0.00000000;9.93504620;3.31127405;
46815530;12.3;27.4;0;0;0;-58.8;-0.32;0;0;0;0;0.001;0;0;0;0.0001;2;2;0;0;76;0;0;46815466;0;0;0;0.0001;0.848;56.533;0;-0.11;0;0.004;0.004;1;46815466;0;0;0;0;0;0;0;0;0;46814000;37.34966441;-121.93066170;-14.55664063;0.00000000;0.00000000;9.93504620;3.31127405;
46815611;12.4;27.6;0;0;0;-61.6;-0.39;0;0;0;0;0.001;0;0;0;0.0001;2;2;0;0;76;0;0;46815531;0;0;0;0.0001;0.848;56.533;0;-1.54;0;0.004;0.004;1;46815563;0;0;0;0;0;0;0;0;0;46814000;37.34966441;-121.93066170;-14.55664063;0.00000000;0.00000000;9.93504620;3.31127405;
46815676;12.2;27.4;0;0;0;-58.5;-0.34;0;0;0;0;0;0;0;0;0.0001;2;2;0;0;76;0;0;46815612;0;0;0;0.0001;0.915;60.982;0;0.59;0;0.004;0.004;1;46815649;0;0;0;0;0;0;0;0;0;46814000;37.34966441;-121.93066170;-14.55664063;0.00000000;0.00000000;9.93504620;3.31127405;
46815738;12.2;27.4;0;0;0;-59;-0.27;0;0;0;0;0.001;0;0;0;0.0001;2;2;0;0;76;0;0;46815676;0;0;0;0.0001;0.871;58.009;0;-0.5;0;0.004;0.004;1;46815649;0;0;0;0;0;0;0;0;0;46814000;37.34966441;-121.93066170;-14.55664063;0.00000000;0.00000000;9.93504620;3.31127405;
46815819;12.3;27.4;0;0;0;-59.7;-0.34;0;0;0;0;0.001;0;0;0;0.0001;2;2;0;0;76;0;0;46815739;0;0;0;0.0001;0.915;60.982;0;-1.19;0;0.004;0.004;1;46815762;0;0;0;0;0;0;0;0;0;46815000;37.34966141;-121.93066070;-14.63269043;0.00000000;0.00000000;9.93504620;3.48765969;
46815881;12.3;27.5;0;0;0;-61.3;-0.27;0;0;0;0;0.001;0;0;0;0.0001;2;2;0;0;76;0;0;46815819;0;0;0;0.0001;0.871;58.009;0;-1.32;0;0.004;0.004;1;46815846;0;0;0;0;0;0;0;0;0;46815000;37.34966141;-121.93066070;-14.63269043;0.00000000;0.00000000;9.93504620;3.48765969;
46815951;12.2;27.4;0;0;0;-59.3;-0.38;0;0;0;0;0.001;0;0;0;0.0001;2;2;0;0;76;0;0;46815917;0;0;0;0.0001;0.943;62.856;0;1.47;0;0.004;0.004;1;46815846;0;0;0;0;0;0;0;0;0;46815000;37.34966141;-121.93066070;-14.63269043;0.00000000;0.00000000;9.93504620;3.48765969;
46816035;12.1;27.6;0;0;0;-62;-0.26;0;0;0;0;0.001;0;0;0;0.0001;2;2;0;0;76;0;0;46815972;0;0;0;0.0001;0.887;59.121;0;1.18;0;0.004;0.004;1;46815972;0;0;0;0;0;0;0;0;0;46815000;37.34966141;-121.93066070;-14.63269043;0.00000000;0.00000000;9.93504620;3.48765969;
46816116;12.1;27.8;0;0;0;-84.1;-0.38;0;0;0;0;0;0;0;0;0.0001;2;2;0;0;76;0;0;46816035;0;0;0;0.0001;0.882;58.749;0;0.58;0;0.004;0.004;1;46816067;0;0;0;0;0;0;0;0;0;46815000;37.34966141;-121.93066070;-14.63269043;0.00000000;0.00000000;9.93504620;3.48765969;
46816215;12.2;27.4;0;0;0;-60;-0.34;0;0;0;0;0.001;0;0;0;0.0001;2;2;0;0;76;0;0;46816127;0;0;0;0.0001;0.904;60.236;0;1.85;0;0.004;0.004;1;46816214;0;0;0;0;0;0;0;0;0;46815000;37.34966141;-121.93066070;-14.63269043;0.00000000;0.00000000;9.93504620;3.48765969;
